-32456	3	-5
-32438	3	-5
-32420	3	-5
-32403	4	-6
-32384	5	-7
-32367	7	-9
-32350	9	-11
-32331	11	-13
-32311	13	-14
-32291	15	-16
-32272	17	-19
-32251	19	-21
-32232	20	-21
-32212	22	-22
-32193	23	-23
-32173	23	-23
-32153	23	-23
-32134	23	-23
-32113	23	-23
-32094	23	-23
-32074	23	-23
-32055	23	-22
-32034	23	-21
-32015	23	-20
-31995	23	-20
-31975	23	-19
-31955	23	-19
-31936	23	-19
-31916	23	-18
-31896	23	-19
-31877	23	-19
-31857	23	-19
-31837	23	-19
-31817	23	-20
-31798	23	-19
-31777	23	-20
-31758	23	-20
-31738	23	-20
-31718	23	-20
-31698	23	-20
-31679	23	-20
-31660	23	-20
-31639	23	-20
-31620	23	-20
-31600	23	-20
-31580	23	-20
-31560	23	-20
-31541	23	-20
-31520	23	-20
-31501	23	-20
-31481	23	-20
-31462	23	-20
-31441	23	-20
-31422	23	-20
-31402	23	-20
-31382	23	-20
-31363	23	-20
-31343	23	-20
-31323	23	-20
-31303	23	-20
-31284	23	-20
-31264	23	-20
-31244	23	-20
-31224	23	-20
-31205	23	-20
-31184	23	-20
-31165	23	-20
-31145	22	-20
-31126	22	-20
-31106	22	-20
-31086	22	-21
-31067	22	-21
-31046	22	-21
-31027	23	-21
-31007	26	-21
-30987	28	-22
-30967	31	-22
-30948	32	-23
-30928	32	-23
-30908	32	-22
-30888	32	-22
-30869	32	-22
-30848	32	-22
-30829	32	-22
-30810	32	-22
-30790	32	-22
-30770	32	-22
-30750	32	-22
-30731	32	-22
-30710	32	-22
-30691	32	-22
-30671	32	-22
-30651	32	-22
-30631	32	-21
-30612	32	-20
-30592	32	-18
-30572	32	-13
-30553	32	-8
-30534	32	-6
-30515	32	-5
-30496	32	-5
-30478	32	-6
-30459	32	-6
-30440	32	-6
-30421	32	-5
-30403	30	-4
-30384	27	-4
-30365	24	-5
-30347	20	-5
-30328	16	-7
-30309	11	-7
-30290	6	-7
-30273	2	-8
-30255	-2	-8
-30236	-6	-8
-30218	-10	-9
-30198	-14	-10
-30177	-16	-11
-30156	-18	-10
-30136	-18	-10
-30114	-18	-11
-30094	-18	-10
-30073	-18	-10
-30052	-18	-11
-30031	-19	-11
-30011	-18	-11
-29990	-18	-10
-29969	-18	-11
-29948	-18	-11
-29928	-18	-11
-29906	-18	-11
-29886	-18	-12
-29865	-18	-13
-29844	-18	-13
-29823	-19	-13
-29803	-18	-14
-29781	-18	-15
-29761	-18	-16
-29741	-18	-16
-29719	-18	-18
-29699	-18	-20
-29678	-19	-21
-29657	-18	-24
-29636	-18	-26
-29616	-18	-29
-29595	-18	-34
-29574	-19	-38
-29553	-19	-43
-29533	-19	-48
-29511	-19	-53
-29491	-19	-59
-29470	-19	-65
-29449	-19	-72
-29428	-18	-80
-29408	-17	-87
-29386	-18	-91
-29366	-17	-94
-29345	-17	-94
-29324	-17	-94
-29303	-17	-94
-29283	-17	-93
-29262	-17	-93
-29241	-17	-93
-29220	-17	-93
-29200	-17	-93
-29178	-17	-93
-29158	-17	-93
-29137	-17	-94
-29116	-17	-94
-29095	-17	-94
-29075	-17	-93
-29053	-17	-94
-29033	-17	-94
-29012	-17	-93
-28991	-17	-94
-28970	-17	-94
-28950	-17	-93
-28930	-17	-93
-28908	-16	-94
-28888	-15	-94
-28867	-14	-94
-28846	-14	-95
-28825	-14	-96
-28805	-14	-96
-28783	-14	-97
-28763	-14	-97
-28742	-14	-98
-28721	-14	-98
-28700	-14	-98
-28680	-14	-98
-28659	-14	-98
-28638	-14	-98
-28617	-14	-98
-28597	-14	-98
-28575	-14	-98
-28555	-14	-98
-28534	-14	-98
-28513	-14	-98
-28492	-14	-98
-28472	-14	-98
-28450	-14	-98
-28430	-14	-98
-28409	-14	-98
-28388	-14	-98
-28367	-14	-98
-28347	-14	-98
-28325	-14	-98
-28305	-14	-98
-28284	-14	-98
-28264	-14	-98
-28242	-14	-98
-28222	-14	-98
-28201	-14	-98
-28180	-14	-98
-28159	-14	-98
-28139	-14	-98
-28117	-14	-98
-28097	-14	-98
-28077	-14	-98
-28055	-14	-98
-28035	-14	-98
-28014	-14	-97
-27993	-14	-97
-27972	-14	-98
-27952	-14	-98
-27931	-14	-98
-27910	-14	-98
-27889	-14	-98
-27869	-14	-97
-27847	-14	-98
-27827	-14	-98
-27806	-14	-98
-27785	-14	-97
-27764	-14	-97
-27744	-14	-98
-27722	-14	-98
-27702	-14	-98
-27681	-14	-97
-27660	-14	-97
-27639	-14	-97
-27619	-14	-96
-27598	-14	-96
-27577	-14	-95
-27556	-14	-95
-27536	-14	-95
-27514	-14	-95
-27494	-14	-95
-27473	-14	-95
-27452	-14	-95
-27431	-14	-95
-27411	-14	-95
-27389	-14	-96
-27369	-14	-96
-27348	-14	-96
-27328	-14	-96
-27306	-14	-96
-27286	-14	-96
-27266	-14	-96
-27244	-14	-96
-27224	-14	-96
-27203	-14	-96
-27182	-14	-96
-27161	-14	-96
-27141	-14	-96
-27119	-14	-96
-27099	-14	-96
-27078	-14	-96
-27057	-14	-97
-27036	-14	-97
-27016	-14	-99
-26994	-14	-100
-26973	-14	-101
-26951	-14	-102
-26929	-13	-103
-26907	-13	-103
-26886	-13	-103
-26864	-13	-103
-26842	-13	-102
-26820	-13	-101
-26799	-13	-99
-26777	-13	-97
-26757	-13	-95
-26736	-13	-93
-26715	-13	-92
-26694	-13	-89
-26674	-13	-86
-26652	-13	-84
-26632	-13	-82
-26611	-13	-80
-26590	-13	-77
-26569	-13	-74
-26549	-13	-71
-26527	-13	-69
-26507	-13	-66
-26486	-13	-64
-26466	-13	-61
-26444	-13	-59
-26424	-13	-57
-26403	-13	-55
-26382	-13	-52
-26361	-13	-50
-26341	-13	-48
-26319	-13	-45
-26299	-13	-43
-26278	-13	-41
-26257	-13	-39
-26236	-13	-37
-26216	-13	-35
-26194	-13	-33
-26174	-13	-31
-26153	-12	-29
-26133	-11	-27
-26111	-10	-26
-26091	-10	-24
-26071	-9	-22
-26050	-8	-21
-26031	-7	-20
-26011	-6	-19
-25991	-6	-18
-25971	-5	-17
-25952	-5	-16
-25932	-5	-15
-25912	-5	-15
-25892	-5	-14
-25873	-5	-14
-25852	-5	-13
-25833	-5	-13
-25813	-4	-13
-25793	-3	-13
-25774	-3	-12
-25754	-2	-12
-25735	-2	-12
-25714	-2	-11
-25695	-1	-11
-25675	-1	-10
-25655	-1	-10
-25635	-1	-10
-25616	0	-9
-25597	0	-9
-25580	1	-8
-25563	2	-8
-25545	2	-7
-25527	3	-7
-25509	4	-6
-25492	4	-6
-25475	4	-6
-25456	4	-6
-25439	4	-5
-25421	4	-5
-25404	4	-4
-25385	4	-4
-25368	4	-3
-25351	4	-3
-25333	4	-2
-25315	4	-2
-25297	4	-2
-25280	4	-1
-25262	5	-1
-25244	5	0
-25228	5	0
-25211	5	0
-25194	5	1
-25178	5	1
-25161	5	1
-25145	5	1
-25127	5	1
-25111	5	1
-25095	5	1
-25078	5	1
-25061	5	1
-25044	5	1
-25028	5	1
-25012	5	2
-24994	5	1
-24978	5	2
-24962	5	2
-24945	5	3
-24928	5	3
-24911	5	4
-24895	5	4
-24879	5	5
-24861	5	5
-24845	5	6
-24828	5	7
-24812	5	8
-24795	6	9
-24778	5	10
-24761	5	10
-24743	5	11
-24725	5	11
-24708	5	11
-24690	5	12
-24673	5	12
-24654	5	12
-24637	5	12
-24620	5	12
-24602	5	11
-24584	5	9
-24567	5	7
-24551	5	4
-24535	6	0
-24517	6	-4
-24500	9	-8
-24482	12	-13
-24462	16	-17
-24442	20	-20
-24423	24	-24
-24403	28	-27
-24383	30	-32
-24364	30	-34
-24344	30	-35
-24324	30	-35
-24304	30	-36
-24285	30	-36
-24264	30	-36
-24245	30	-36
-24225	30	-36
-24206	28	-36
-24185	27	-36
-24166	26	-35
-24146	25	-34
-24126	25	-33
-24106	25	-32
-24087	24	-31
-24067	25	-31
-24047	24	-30
-24028	24	-30
-24008	24	-30
-23988	25	-30
-23968	25	-30
-23949	25	-30
-23928	25	-31
-23909	25	-31
-23889	28	-33
-23870	30	-34
-23849	30	-34
-23830	30	-34
-23811	30	-35
-23790	30	-35
-23771	30	-35
-23751	30	-35
-23731	30	-35
-23711	30	-35
-23692	30	-35
-23672	31	-35
-23652	30	-35
-23632	30	-35
-23613	30	-36
-23592	30	-35
-23573	30	-35
-23554	30	-35
-23533	30	-34
-23514	30	-33
-23494	30	-29
-23475	30	-23
-23454	28	-16
-23435	25	-10
-23415	20	-8
-23396	14	-8
-23377	9	-9
-23360	4	-12
-23342	-2	-13
-23321	-7	-14
-23302	-13	-18
-23281	-17	-20
-23260	-19	-22
-23239	-19	-23
-23219	-19	-23
-23197	-19	-23
-23177	-19	-22
-23156	-19	-22
-23135	-19	-22
-23114	-19	-22
-23094	-19	-21
-23073	-19	-20
-23052	-19	-19
-23031	-19	-17
-23011	-19	-16
-22989	-19	-15
-22969	-19	-14
-22948	-19	-13
-22927	-19	-12
-22906	-19	-12
-22886	-19	-12
-22864	-19	-12
-22844	-19	-12
-22823	-19	-12
-22802	-19	-12
-22781	-19	-12
-22761	-19	-12
-22740	-19	-14
-22719	-19	-14
-22698	-19	-16
-22678	-19	-18
-22656	-19	-21
-22636	-19	-23
-22616	-19	-28
-22594	-19	-33
-22574	-19	-39
-22553	-19	-45
-22532	-19	-51
-22511	-19	-58
-22491	-19	-65
-22469	-19	-72
-22449	-18	-81
-22428	-18	-88
-22408	-17	-95
-22386	-14	-100
-22365	-14	-105
-22343	-13	-108
-22321	-13	-110
-22299	-13	-110
-22278	-13	-109
-22255	-12	-109
-22234	-13	-108
-22212	-13	-107
-22190	-12	-106
-22168	-13	-106
-22147	-13	-106
-22124	-12	-106
-22103	-12	-106
-22081	-13	-106
-22058	-13	-106
-22037	-13	-106
-22015	-13	-106
-21993	-13	-106
-21971	-13	-106
-21950	-13	-106
-21927	-12	-106
-21906	-13	-106
-21884	-13	-106
-21862	-13	-106
-21840	-13	-106
-21819	-13	-106
-21796	-13	-106
-21775	-13	-106
-21753	-13	-106
-21731	-13	-106
-21709	-13	-106
-21688	-13	-106
-21665	-13	-106
-21644	-13	-106
-21622	-13	-106
-21600	-13	-106
-21578	-13	-106
-21557	-13	-106
-21534	-13	-106
-21513	-12	-106
-21491	-13	-106
-21469	-13	-106
-21447	-13	-106
-21426	-13	-107
-21403	-13	-107
-21382	-13	-106
-21360	-13	-106
-21338	-13	-106
-21316	-13	-105
-21295	-13	-105
-21273	-13	-105
-21251	-13	-104
-21229	-13	-103
-21208	-13	-102
-21185	-13	-100
-21164	-13	-97
-21143	-13	-96
-21122	-13	-94
-21101	-12	-92
-21081	-13	-89
-21059	-11	-87
-21039	-9	-85
-21019	-7	-83
-20999	-6	-81
-20979	-3	-79
-20960	-1	-76
-20939	2	-74
-20921	4	-72
-20902	5	-70
-20884	5	-67
-20864	6	-65
-20846	6	-63
-20828	7	-61
-20809	8	-58
-20790	9	-55
-20771	10	-53
-20752	11	-50
-20731	12	-48
-20712	12	-46
-20692	13	-44
-20672	13	-43
-20653	13	-40
-20633	13	-38
-20614	13	-35
-20593	13	-32
-20574	13	-30
-20554	13	-28
-20534	13	-26
-20514	13	-25
-20495	13	-24
-20474	13	-23
-20455	13	-23
-20435	13	-22
-20416	13	-21
-20396	12	-20
-20376	9	-19
-20358	8	-18
-20338	6	-18
-20320	4	-17
-20301	3	-16
-20283	2	-16
-20263	1	-16
-20245	1	-15
-20227	1	-14
-20208	1	-14
-20189	0	-14
-20170	0	-13
-20152	0	-13
-20132	-1	-13
-20113	-2	-12
-20093	-2	-12
-20073	-3	-11
-20053	-4	-11
-20034	-5	-11
-20015	-6	-11
-19994	-6	-11
-19975	-7	-11
-19955	-8	-11
-19935	-9	-11
-19915	-9	-11
-19896	-10	-11
-19874	-10	-10
-19854	-11	-11
-19833	-11	-11
-19813	-11	-11
-19791	-12	-11
-19771	-13	-11
-19750	-13	-11
-19729	-14	-11
-19708	-15	-11
-19688	-16	-11
-19666	-17	-11
-19646	-18	-11
-19625	-19	-11
-19604	-19	-11
-19583	-20	-11
-19563	-20	-11
-19543	-19	-11
-19521	-20	-11
-19501	-20	-11
-19480	-20	-11
-19459	-20	-11
-19438	-20	-11
-19418	-20	-11
-19396	-20	-11
-19376	-20	-11
-19355	-20	-11
-19334	-20	-11
-19313	-20	-11
-19293	-20	-11
-19271	-20	-11
-19251	-20	-11
-19230	-20	-12
-19209	-20	-12
-19188	-20	-12
-19168	-20	-12
-19147	-20	-11
-19126	-20	-11
-19105	-20	-11
-19085	-20	-11
-19063	-20	-11
-19043	-20	-12
-19022	-20	-11
-19001	-20	-12
-18980	-20	-11
-18960	-20	-11
-18938	-20	-11
-18918	-20	-11
-18897	-20	-11
-18877	-20	-12
-18855	-20	-12
-18835	-20	-12
-18814	-20	-12
-18793	-20	-11
-18772	-20	-11
-18752	-20	-12
-18730	-20	-11
-18710	-20	-11
-18690	-20	-12
-18668	-20	-11
-18648	-20	-12
-18627	-20	-12
-18606	-20	-12
-18585	-20	-12
-18565	-20	-11
-18543	-20	-12
-18523	-14	-10
-18502	-7	-7
-18484	-2	-5
-18464	3	0
-18448	7	5
-18431	10	10
-18413	12	17
-18394	14	21
-18375	16	21
-18357	18	21
-18337	18	21
-18319	18	21
-18300	18	20
-18282	18	20
-18263	18	19
-18244	18	20
-18226	17	19
-18206	14	19
-18188	12	19
-18169	10	20
-18151	10	20
-18131	9	20
-18114	9	20
-18097	9	19
-18078	9	18
-18061	9	17
-18043	9	16
-18026	9	14
-18008	9	14
-17990	10	14
-17972	12	13
-17953	12	13
-17934	12	11
-17915	13	10
-17897	13	9
-17880	13	8
-17861	13	8
-17844	13	8
-17826	13	8
-17808	13	8
-17790	13	8
-17773	13	7
-17756	13	8
-17737	13	8
-17720	13	8
-17702	13	8
-17685	13	9
-17667	13	10
-17648	13	10
-17630	13	11
-17610	13	13
-17592	13	13
-17573	13	14
-17555	13	15
-17535	13	15
-17517	13	16
-17499	12	17
-17480	11	17
-17461	9	16
-17443	8	16
-17426	8	14
-17407	8	10
-17390	8	7
-17374	8	2
-17357	8	-4
-17339	12	-10
-17319	16	-15
-17300	21	-21
-17280	26	-25
-17260	30	-31
-17241	31	-35
-17221	31	-37
-17201	31	-38
-17181	32	-39
-17162	31	-39
-17141	29	-39
-17122	27	-39
-17102	25	-39
-17083	25	-39
-17062	25	-38
-17043	24	-38
-17023	25	-37
-17003	25	-36
-16984	24	-35
-16964	24	-35
-16944	24	-35
-16924	24	-34
-16905	24	-34
-16885	25	-34
-16865	24	-34
-16845	24	-34
-16826	24	-34
-16805	24	-34
-16786	25	-34
-16766	24	-35
-16747	25	-35
-16727	26	-34
-16707	28	-35
-16688	29	-36
-16667	30	-36
-16648	30	-36
-16628	31	-36
-16608	30	-36
-16588	31	-36
-16569	30	-36
-16549	31	-36
-16529	30	-36
-16509	30	-36
-16490	30	-36
-16469	30	-36
-16450	31	-36
-16431	30	-36
-16410	30	-36
-16391	30	-36
-16371	30	-36
-16352	30	-36
-16331	30	-35
-16312	30	-34
-16292	30	-32
-16272	30	-27
-16252	30	-20
-16233	26	-14
-16212	21	-10
-16193	15	-10
-16174	10	-10
-16154	4	-12
-16135	-2	-14
-16115	-6	-14
-16096	-13	-18
-16074	-17	-20
-16054	-19	-21
-16033	-19	-21
-16012	-19	-22
-15991	-19	-22
-15971	-19	-22
-15950	-19	-21
-15929	-19	-21
-15908	-19	-20
-15888	-19	-19
-15866	-19	-18
-15846	-18	-17
-15825	-19	-15
-15804	-18	-14
-15783	-18	-13
-15763	-18	-12
-15741	-18	-11
-15721	-18	-11
-15700	-19	-11
-15679	-18	-11
-15658	-19	-11
-15638	-18	-11
-15618	-19	-11
-15596	-18	-11
-15576	-18	-11
-15555	-19	-10
-15534	-18	-11
-15513	-18	-11
-15493	-18	-11
-15471	-19	-11
-15451	-18	-12
-15430	-18	-12
-15409	-18	-13
-15388	-18	-14
-15368	-18	-15
-15346	-18	-15
-15326	-18	-15
-15305	-18	-18
-15285	-19	-18
-15263	-18	-19
-15243	-19	-21
-15222	-18	-22
-15201	-19	-24
-15180	-18	-27
-15160	-19	-30
-15138	-20	-35
-15118	-19	-39
-15097	-20	-46
-15076	-20	-50
-15055	-19	-55
-15035	-20	-63
-15013	-19	-70
-14993	-19	-77
-14972	-18	-85
-14952	-18	-90
-14930	-17	-94
-14910	-17	-94
-14889	-17	-94
-14868	-17	-94
-14847	-17	-94
-14827	-17	-93
-14805	-17	-93
-14785	-17	-93
-14765	-17	-93
-14743	-17	-93
-14723	-17	-93
-14702	-17	-93
-14681	-17	-93
-14660	-17	-93
-14640	-17	-93
-14619	-17	-93
-14598	-17	-93
-14577	-17	-93
-14557	-17	-93
-14535	-17	-94
-14515	-17	-94
-14494	-17	-95
-14473	-17	-95
-14452	-16	-96
-14432	-16	-96
-14410	-16	-96
-14390	-16	-96
-14369	-16	-96
-14348	-16	-96
-14327	-16	-96
-14307	-16	-96
-14286	-16	-96
-14265	-16	-96
-14244	-16	-96
-14224	-16	-96
-14202	-16	-96
-14182	-16	-96
-14161	-17	-96
-14140	-16	-96
-14119	-16	-96
-14099	-16	-96
-14077	-16	-96
-14057	-16	-96
-14036	-16	-96
-14015	-16	-96
-13994	-16	-96
-13974	-16	-96
-13954	-16	-96
-13932	-17	-96
-13912	-16	-96
-13891	-16	-96
-13870	-16	-96
-13849	-16	-96
-13829	-16	-96
-13807	-16	-96
-13787	-16	-96
-13766	-16	-96
-13745	-16	-96
-13724	-16	-96
-13704	-16	-96
-13682	-16	-96
-13662	-16	-96
-13641	-16	-96
-13621	-16	-96
-13599	-16	-96
-13579	-16	-96
-13558	-16	-96
-13537	-16	-96
-13516	-16	-96
-13496	-16	-96
-13474	-16	-95
-13454	-16	-95
-13433	-16	-95
-13412	-16	-95
-13391	-17	-95
-13371	-16	-95
-13349	-16	-95
-13329	-16	-95
-13308	-16	-95
-13288	-16	-94
-13266	-16	-94
-13246	-16	-93
-13225	-16	-93
-13204	-16	-93
-13183	-16	-93
-13163	-16	-93
-13141	-16	-93
-13121	-16	-93
-13101	-16	-93
-13079	-16	-93
-13059	-16	-93
-13038	-16	-93
-13017	-16	-93
-12996	-16	-93
-12976	-16	-93
-12955	-16	-93
-12934	-16	-93
-12913	-16	-93
-12893	-16	-93
-12871	-16	-93
-12851	-16	-93
-12830	-16	-93
-12809	-16	-93
-12788	-16	-93
-12768	-16	-93
-12746	-16	-93
-12726	-16	-93
-12705	-16	-93
-12684	-16	-93
-12663	-16	-93
-12643	-17	-93
-12622	-16	-93
-12601	-16	-93
-12580	-16	-93
-12560	-16	-93
-12538	-16	-93
-12518	-16	-93
-12497	-16	-93
-12476	-16	-93
-12455	-16	-93
-12435	-16	-93
-12413	-16	-93
-12393	-16	-93
-12372	-16	-93
-12351	-16	-94
-12330	-16	-93
-12310	-16	-93
-12290	-16	-93
-12268	-16	-93
-12248	-16	-93
-12227	-17	-93
-12206	-16	-93
-12185	-16	-93
-12165	-16	-94
-12143	-16	-93
-12123	-17	-93
-12102	-16	-93
-12081	-16	-94
-12060	-16	-93
-12040	-16	-93
-12018	-16	-93
-11998	-16	-94
-11977	-16	-94
-11957	-16	-93
-11935	-16	-94
-11915	-16	-94
-11894	-16	-93
-11873	-16	-94
-11852	-16	-93
-11832	-17	-94
-11810	-16	-94
-11790	-16	-93
-11769	-16	-93
-11748	-16	-93
-11727	-16	-92
-11707	-16	-91
-11685	-17	-90
-11665	-16	-89
-11644	-16	-88
-11624	-16	-86
-11602	-16	-84
-11582	-16	-82
-11561	-16	-80
-11540	-16	-78
-11519	-17	-75
-11499	-16	-73
-11477	-16	-70
-11457	-16	-68
-11437	-16	-66
-11415	-16	-65
-11395	-16	-63
-11374	-17	-61
-11353	-17	-59
-11332	-17	-57
-11312	-17	-55
-11291	-17	-54
-11270	-17	-53
-11249	-17	-53
-11229	-15	-55
-11207	-14	-58
-11187	-14	-61
-11166	-13	-62
-11145	-13	-62
-11124	-12	-62
-11104	-12	-62
-11082	-11	-62
-11062	-11	-62
-11041	-11	-63
-11020	-11	-63
-10999	-11	-62
-10979	-11	-63
-10958	-11	-63
-10937	-11	-63
-10916	-11	-62
-10896	-10	-61
-10874	-10	-60
-10854	-9	-58
-10834	-7	-57
-10814	-6	-55
-10794	-4	-52
-10775	-2	-49
-10755	0	-46
-10736	1	-43
-10718	3	-40
-10699	4	-36
-10680	5	-33
-10661	6	-30
-10643	6	-26
-10624	8	-22
-10605	8	-20
-10587	8	-16
-10568	9	-13
-10549	9	-10
-10530	10	-9
-10512	11	-7
-10493	11	-5
-10474	11	-4
-10456	11	-2
-10437	11	-1
-10418	11	-1
-10399	11	-1
-10381	11	-1
-10362	11	-1
-10343	11	-1
-10324	11	-1
-10306	11	-1
-10287	11	-1
-10268	11	-1
-10250	11	-1
-10231	11	-1
-10212	11	-1
-10193	11	-1
-10175	11	-1
-10156	11	-1
-10137	11	-1
-10119	11	-1
-10100	11	-1
-10081	11	-4
-10062	11	-8
-10044	11	-12
-10023	12	-16
-10004	13	-21
-9984	14	-25
-9966	16	-28
-9947	18	-32
-9928	20	-36
-9910	21	-39
-9890	23	-42
-9872	23	-45
-9853	23	-47
-9835	23	-48
-9816	23	-48
-9797	23	-48
-9779	23	-48
-9760	23	-49
-9741	23	-49
-9722	23	-49
-9704	23	-48
-9684	23	-49
-9666	23	-48
-9648	23	-48
-9629	23	-48
-9610	22	-47
-9591	22	-47
-9573	21	-46
-9553	20	-46
-9535	20	-46
-9517	20	-46
-9498	20	-46
-9479	20	-46
-9460	20	-46
-9442	20	-46
-9422	20	-46
-9404	20	-46
-9385	20	-46
-9367	20	-46
-9348	21	-48
-9329	23	-49
-9311	25	-50
-9291	27	-50
-9273	28	-50
-9254	29	-51
-9236	29	-50
-9216	29	-50
-9198	29	-50
-9180	29	-50
-9161	29	-50
-9142	29	-50
-9123	29	-49
-9105	29	-49
-9085	29	-49
-9067	29	-49
-9049	29	-47
-9030	29	-45
-9011	28	-40
-8992	23	-35
-8974	17	-30
-8954	12	-25
-8936	7	-20
-8919	1	-15
-8901	-5	-13
-8882	-11	-13
-8862	-16	-13
-8843	-20	-13
-8822	-23	-13
-8803	-23	-13
-8783	-23	-13
-8764	-23	-12
-8743	-23	-13
-8724	-23	-13
-8704	-23	-13
-8684	-23	-13
-8665	-22	-13
-8645	-22	-13
-8625	-22	-13
-8605	-22	-13
-8586	-22	-13
-8566	-22	-13
-8546	-22	-13
-8526	-22	-13
-8507	-22	-13
-8486	-22	-13
-8467	-22	-13
-8447	-22	-13
-8428	-22	-13
-8408	-22	-13
-8388	-22	-13
-8369	-22	-13
-8348	-22	-13
-8329	-22	-13
-8309	-22	-13
-8289	-22	-13
-8269	-22	-14
-8250	-22	-14
-8230	-22	-14
-8210	-22	-14
-8190	-22	-14
-8171	-22	-15
-8151	-22	-14
-8131	-22	-14
-8112	-22	-14
-8091	-22	-15
-8072	-22	-15
-8052	-22	-15
-8033	-22	-15
-8012	-22	-15
-7993	-22	-14
-7973	-22	-15
-7953	-22	-15
-7933	-22	-14
-7914	-22	-15
-7893	-22	-14
-7874	-22	-14
-7855	-22	-14
-7835	-22	-15
-7815	-18	-15
-7795	-12	-15
-7776	-6	-12
-7756	0	-9
-7740	3	-5
-7724	6	1
-7708	8	6
-7692	10	12
-7674	11	18
-7657	12	21
-7640	14	22
-7621	15	22
-7604	15	22
-7586	15	20
-7569	15	19
-7550	15	18
-7533	15	17
-7516	15	17
-7498	15	17
-7480	15	17
-7462	15	17
-7445	14	17
-7427	13	17
-7409	13	17
-7392	13	17
-7374	13	17
-7356	13	16
-7338	13	14
-7321	13	13
-7304	13	12
-7285	13	11
-7268	14	10
-7250	16	8
-7234	17	7
-7217	18	4
-7200	20	3
-7184	20	1
-7167	20	0
-7150	20	-2
-7133	20	-4
-7115	20	-5
-7098	20	-7
-7079	20	-8
-7062	20	-9
-7045	20	-11
-7025	20	-12
-7007	20	-14
-6988	21	-15
-6970	20	-17
-6950	20	-19
-6932	20	-21
-6914	21	-23
-6894	20	-25
-6876	21	-27
-6857	20	-30
-6839	20	-33
-6819	21	-37
-6801	20	-40
-6782	20	-45
-6764	20	-50
-6745	20	-54
-6726	20	-59
-6708	17	-63
-6688	13	-67
-6670	11	-71
-6651	9	-73
-6634	7	-75
-6616	5	-76
-6598	5	-76
-6581	5	-76
-6562	5	-75
-6545	4	-74
-6527	4	-72
-6510	5	-70
-6492	4	-69
-6474	5	-69
-6457	4	-69
-6439	5	-69
-6421	5	-69
-6404	5	-69
-6386	5	-69
-6369	5	-69
-6350	5	-69
-6333	5	-69
-6316	4	-68
-6297	5	-68
-6280	5	-67
-6262	4	-67
-6245	4	-67
-6226	3	-67
-6209	3	-66
-6192	2	-66
-6174	2	-67
-6156	2	-67
-6138	2	-68
-6121	2	-68
-6104	2	-69
-6085	2	-70
-6068	2	-70
-6050	2	-71
-6033	2	-72
-6014	2	-73
-5997	3	-74
-5980	4	-75
-5961	5	-76
-5944	6	-76
-5926	8	-76
-5909	8	-77
-5891	8	-77
-5873	8	-77
-5856	8	-76
-5838	8	-77
-5820	8	-77
-5802	8	-76
-5785	8	-76
-5768	8	-76
-5749	8	-76
-5732	8	-76
-5714	8	-76
-5696	8	-76
-5679	8	-75
-5661	5	-75
-5644	2	-74
-5625	-3	-73
-5607	-7	-72
-5588	-10	-71
-5569	-11	-71
-5549	-11	-71
-5529	-11	-71
-5510	-12	-71
-5489	-12	-71
-5470	-12	-71
-5450	-12	-71
-5430	-12	-71
-5410	-12	-72
-5391	-12	-72
-5371	-12	-72
-5351	-12	-72
-5331	-12	-72
-5312	-12	-72
-5292	-12	-72
-5272	-12	-72
-5253	-12	-72
-5233	-12	-72
-5213	-12	-73
-5193	-12	-73
-5174	-12	-74
-5153	-12	-74
-5134	-12	-75
-5114	-12	-76
-5094	-12	-77
-5074	-12	-79
-5055	-12	-80
-5036	-12	-82
-5015	-12	-84
-4996	-12	-86
-4976	-12	-88
-4956	-12	-89
-4936	-12	-91
-4917	-12	-93
-4896	-12	-94
-4877	-12	-94
-4857	-12	-94
-4838	-12	-94
-4817	-12	-94
-4798	-12	-94
-4778	-12	-94
-4758	-12	-94
-4739	-12	-94
-4719	-12	-94
-4699	-12	-95
-4679	-12	-94
-4660	-12	-94
-4640	-12	-94
-4620	-12	-94
-4600	-12	-94
-4581	-12	-94
-4560	-12	-94
-4541	-12	-94
-4521	-12	-94
-4502	-12	-94
-4482	-12	-94
-4462	-12	-94
-4443	-12	-94
-4422	-12	-94
-4403	-12	-94
-4383	-12	-95
-4363	-12	-94
-4343	-12	-94
-4324	-12	-95
-4304	-12	-94
-4284	-12	-95
-4264	-12	-94
-4245	-12	-95
-4224	-12	-94
-4205	-12	-94
-4186	-12	-95
-4165	-12	-95
-4146	-12	-95
-4126	-12	-95
-4107	-12	-95
-4086	-12	-96
-4067	-12	-95
-4047	-12	-95
-4027	-12	-94
-4007	-12	-94
-3988	-12	-92
-3967	-10	-91
-3948	-9	-90
-3930	-8	-88
-3911	-7	-87
-3892	-6	-86
-3873	-6	-84
-3855	-5	-83
-3836	-4	-82
-3817	-3	-80
-3799	-2	-78
-3780	-1	-75
-3761	0	-73
-3743	1	-71
-3726	1	-70
-3708	2	-68
-3690	2	-66
-3673	3	-64
-3655	4	-62
-3638	5	-60
-3619	6	-58
-3602	6	-56
-3584	8	-53
-3566	9	-51
-3549	9	-49
-3531	10	-47
-3513	10	-45
-3493	10	-43
-3475	10	-41
-3456	10	-39
-3438	10	-37
-3419	10	-35
-3400	11	-33
-3382	12	-31
-3362	12	-29
-3344	12	-28
-3325	12	-26
-3307	13	-25
-3288	13	-24
-3269	13	-23
-3251	13	-22
-3231	13	-21
-3213	13	-21
-3194	13	-21
-3176	13	-21
-3156	13	-20
-3138	13	-20
-3120	13	-19
-3100	13	-19
-3082	13	-19
-3063	13	-19
-3045	13	-18
-3025	13	-18
-3007	13	-18
-2989	13	-17
-2969	13	-17
-2951	13	-17
-2932	13	-17
-2914	13	-17
-2894	13	-17
-2876	13	-17
-2857	13	-17
-2839	13	-18
-2820	13	-18
-2801	13	-19
-2783	13	-20
-2763	11	-21
-2745	10	-21
-2726	9	-22
-2709	8	-23
-2691	8	-23
-2673	6	-24
-2656	5	-25
-2638	5	-25
-2620	4	-26
-2602	3	-26
-2585	3	-27
-2567	2	-27
-2549	2	-28
-2532	2	-28
-2514	1	-29
-2496	1	-29
-2479	1	-29
-2461	1	-29
-2444	1	-30
-2425	1	-30
-2408	0	-30
-2391	0	-30
-2373	0	-31
-2355	0	-31
-2337	-1	-31
-2319	-1	-32
-2299	-2	-32
-2281	-2	-32
-2263	-3	-31
-2244	-6	-31
-2225	-8	-30
-2206	-11	-30
-2187	-13	-31
-2166	-15	-30
-2147	-16	-30
-2127	-17	-30
-2108	-17	-30
-2087	-17	-30
-2068	-17	-30
-2048	-17	-30
-2028	-17	-30
-2009	-17	-30
-1989	-17	-30
-1969	-17	-30
-1949	-17	-30
-1930	-17	-30
-1910	-17	-30
-1890	-17	-30
-1870	-17	-30
-1851	-17	-30
-1830	-17	-30
-1811	-17	-30
-1791	-17	-30
-1771	-17	-30
-1752	-17	-30
-1732	-17	-30
-1713	-18	-30
-1692	-17	-31
-1673	-18	-32
-1653	-18	-33
-1633	-19	-33
-1613	-18	-34
-1594	-19	-34
-1574	-19	-36
-1554	-19	-39
-1534	-19	-42
-1515	-19	-45
-1495	-19	-48
-1475	-19	-50
-1456	-19	-53
-1435	-19	-56
-1416	-19	-59
-1396	-19	-62
-1377	-19	-66
-1356	-19	-70
-1337	-19	-75
-1317	-19	-80
-1297	-19	-85
-1277	-18	-89
-1258	-17	-92
-1237	-17	-94
-1218	-16	-94
-1199	-16	-95
-1179	-16	-94
-1159	-16	-95
-1139	-16	-94
-1120	-16	-95
-1099	-16	-95
-1080	-16	-94
-1060	-16	-95
-1041	-16	-94
-1020	-16	-94
-1001	-17	-95
-981	-16	-95
-962	-16	-95
-944	-16	-94
-925	-16	-94
-907	-16	-95
-887	-16	-94
-869	-16	-95
-850	-16	-94
-831	-17	-92
-813	-17	-91
-794	-16	-89
-776	-16	-88
-756	-16	-86
-738	-16	-84
-719	-15	-83
-700	-15	-82
-681	-14	-81
-663	-14	-80
-645	-13	-79
-625	-11	-78
-607	-10	-76
-588	-8	-75
-570	-6	-73
-552	-5	-71
-535	-3	-69
-518	-2	-66
-499	-1	-65
-482	1	-62
-465	2	-60
-449	3	-58
-432	4	-56
-415	5	-53
-399	6	-50
-382	7	-48
-365	8	-45
-349	9	-42
-332	10	-39
-315	10	-36
-296	11	-34
-279	11	-31
-262	11	-28
-244	12	-26
-226	12	-23
-208	12	-21
-191	12	-19
-173	12	-18
-155	12	-16
-138	12	-15
-120	12	-14
-102	12	-13
-84	12	-12
-68	12	-12
-52	12	-11
-34	12	-11
-18	12	-11
-2	12	-10
14	12	-10
30	12	-10
46	12	-10
61	12	-11
76	12	-11
92	12	-11
108	12	-12
124	12	-13
141	12	-14
157	12	-14
175	12	-14
191	12	-14
207	12	-15
224	12	-15
241	12	-15
258	12	-15
274	12	-15
290	12	-15
308	12	-15
324	12	-15
340	12	-15
357	12	-15
374	12	-15
391	12	-15
407	12	-14
424	12	-14
441	12	-15
457	12	-14
474	12	-14
490	12	-15
507	12	-14
524	10	-15
540	9	-14
556	8	-14
572	6	-14
587	4	-14
603	2	-14
618	1	-14
634	-1	-14
651	-3	-14
667	-4	-13
684	-5	-13
701	-7	-12
717	-8	-12
734	-9	-12
750	-10	-12
769	-11	-11
786	-12	-11
803	-12	-11
821	-13	-11
839	-13	-11
857	-13	-11
874	-13	-11
892	-13	-10
910	-13	-10
927	-13	-10
945	-13	-10
963	-13	-10
980	-13	-10
998	-13	-10
1015	-13	-10
1035	-13	-10
1053	-13	-10
1072	-13	-11
1090	-14	-11
1110	-14	-11
1128	-14	-11
1146	-14	-11
1166	-14	-11
1184	-14	-11
1203	-14	-11
1221	-14	-11
1241	-14	-11
1259	-14	-11
1277	-14	-11
1297	-14	-11
1315	-14	-11
1334	-14	-10
1352	-14	-10
1372	-14	-10
1390	-14	-10
1409	-14	-10
1428	-14	-10
1446	-14	-10
1465	-14	-10
1483	-14	-10
1503	-14	-10
1521	-14	-10
1540	-14	-10
1559	-14	-10
1577	-14	-10
1596	-15	-10
1614	-15	-10
1634	-15	-10
1652	-15	-10
1671	-15	-10
1689	-14	-10
1709	-15	-10
1727	-15	-10
1745	-15	-10
1765	-15	-10
1783	-15	-10
1802	-15	-10
1820	-15	-10
1840	-15	-10
1858	-15	-10
1876	-15	-10
1896	-15	-9
1913	-15	-9
1931	-15	-9
1948	-15	-9
1967	-15	-8
1984	-15	-8
2001	-14	-7
2019	-15	-7
2037	-15	-7
2055	-15	-6
2072	-15	-5
2091	-15	-5
2108	-15	-5
2125	-14	-3
2143	-11	-2
2161	-8	0
2177	-4	2
2192	-2	3
2207	1	5
2222	2	6
2237	4	6
2251	5	7
2266	5	8
2280	5	8
2295	6	8
2310	6	8
2324	6	8
2338	6	9
2353	6	9
2368	6	9
2382	6	9
2397	6	9
2411	6	9
2426	6	8
2441	6	8
2455	6	8
2469	6	8
2484	6	8
2499	6	9
2513	6	9
2528	6	9
2542	6	9
2557	6	9
2572	7	9
2586	7	9
2600	7	8
2615	7	8
2630	8	8
2644	8	9
2659	8	8
2673	8	8
2688	8	8
2703	8	8
2717	8	8
2732	8	8
2746	8	8
2761	8	8
2776	8	8
2790	8	8
2804	8	8
2819	9	8
2834	9	8
2848	9	8
2863	9	8
2877	9	8
2892	9	8
2907	9	7
2921	9	7
2935	9	7
2950	9	7
2965	9	6
2979	9	6
2994	9	5
3008	9	4
3023	9	2
3038	9	0
3052	9	-3
3067	10	-6
3084	11	-9
3101	12	-11
3119	13	-13
3136	14	-13
3153	14	-13
3172	14	-14
3189	14	-14
3207	14	-15
3225	14	-15
3243	14	-16
3260	14	-16
3277	14	-16
3296	14	-17
3313	14	-17
3331	14	-17
3348	14	-17
3366	14	-17
3384	14	-17
3401	14	-17
3419	14	-18
3437	14	-17
3454	14	-17
3472	14	-17
3490	14	-18
3508	14	-18
3525	14	-18
3543	14	-18
3561	14	-18
3578	14	-18
3596	14	-19
3613	14	-19
3632	14	-19
3649	14	-18
3666	14	-19
3684	14	-19
3702	14	-19
3720	14	-19
3737	14	-19
3756	14	-19
3773	14	-18
3790	14	-19
3808	14	-18
3826	14	-18
3844	14	-18
3861	14	-18
3878	14	-18
3897	14	-18
3914	14	-19
3932	14	-18
3949	14	-19
3968	14	-19
3985	14	-18
4002	14	-19
4021	14	-18
4038	14	-18
4056	14	-18
4073	13	-17
4091	7	-16
4108	3	-15
4124	-1	-15
4142	-4	-15
4160	-6	-15
4177	-7	-15
4195	-9	-15
4212	-10	-15
4232	-11	-15
4250	-11	-15
4269	-11	-15
4288	-11	-15
4306	-12	-15
4325	-11	-15
4343	-11	-15
4363	-11	-15
4381	-12	-15
4400	-12	-15
4418	-11	-15
4438	-11	-15
4456	-11	-15
4474	-12	-14
4494	-12	-14
4512	-11	-14
4531	-11	-13
4549	-11	-13
4569	-11	-12
4587	-11	-12
4605	-12	-11
4625	-11	-11
4643	-11	-10
4662	-12	-10
4680	-11	-10
4700	-12	-10
4718	-11	-10
4737	-12	-10
4756	-12	-10
4774	-11	-10
4793	-11	-10
4811	-11	-10
4831	-11	-10
4849	-12	-10
4868	-13	-10
4887	-14	-12
4905	-14	-13
4924	-15	-15
4942	-15	-17
4962	-15	-19
4980	-16	-21
4999	-16	-24
5018	-16	-27
5037	-16	-30
5055	-17	-33
5073	-17	-37
5093	-17	-42
5111	-17	-49
5130	-17	-56
5148	-17	-65
5168	-17	-72
5186	-17	-81
5204	-17	-88
5224	-17	-93
5242	-17	-96
5261	-17	-96
5279	-17	-96
5299	-17	-96
5317	-17	-96
5336	-17	-96
5355	-17	-96
5373	-17	-96
5392	-17	-96
5410	-17	-96
5430	-17	-96
5448	-17	-96
5467	-17	-96
5486	-17	-96
5505	-17	-96
5523	-17	-96
5541	-17	-96
5561	-17	-96
5579	-17	-97
5598	-17	-98
5617	-17	-99
5636	-17	-98
5654	-17	-98
5672	-16	-98
5692	-15	-97
5710	-14	-96
5729	-14	-96
5747	-13	-94
5767	-13	-91
5785	-11	-89
5804	-10	-86
5823	-7	-84
5840	-5	-82
5858	-3	-79
5875	-2	-77
5894	0	-73
5910	0	-71
5926	2	-69
5943	3	-66
5960	4	-64
5977	5	-62
5993	6	-59
6009	8	-56
6027	9	-54
6043	10	-51
6061	11	-47
6078	12	-44
6096	13	-41
6114	13	-38
6131	13	-35
6150	14	-32
6167	14	-30
6184	14	-28
6202	14	-26
6220	14	-23
6238	14	-22
6255	14	-21
6273	14	-20
6291	14	-19
6308	14	-19
6326	14	-19
6343	14	-19
6362	14	-19
6379	14	-18
6396	14	-19
6414	14	-18
6432	14	-19
6450	14	-18
6467	14	-18
6486	14	-18
6503	14	-18
6520	14	-17
6538	14	-17
6556	14	-17
6574	14	-17
6591	14	-17
6608	14	-16
6627	14	-16
6644	14	-16
6662	14	-15
6679	14	-15
6697	14	-15
6715	11	-15
6732	9	-15
6750	6	-15
6766	3	-15
6782	0	-15
6799	-3	-15
6817	-6	-15
6835	-9	-15
6852	-12	-15
6871	-14	-15
6890	-15	-15
6908	-16	-15
6927	-17	-15
6945	-17	-15
6965	-17	-15
6983	-17	-15
7002	-17	-15
7021	-17	-15
7040	-17	-15
7058	-17	-15
7076	-17	-15
7096	-17	-15
7114	-17	-14
7133	-17	-14
7152	-17	-14
7171	-17	-14
7189	-17	-14
7207	-17	-14
7227	-17	-14
7245	-17	-14
7264	-17	-14
7283	-17	-14
7302	-17	-14
7320	-17	-14
7339	-17	-14
7358	-17	-14
7376	-17	-14
7395	-18	-14
7413	-17	-14
7433	-18	-14
7451	-18	-14
7470	-18	-14
7489	-18	-14
7507	-18	-14
7526	-18	-14
7544	-18	-14
7564	-18	-14
7582	-18	-14
7601	-18	-14
7620	-18	-14
7639	-18	-14
7657	-18	-14
7675	-18	-14
7695	-17	-14
7713	-18	-14
7732	-18	-14
7751	-17	-14
7770	-18	-14
7788	-18	-14
7806	-18	-14
7826	-18	-14
7844	-18	-14
7863	-18	-14
7882	-18	-14
7901	-18	-14
7919	-18	-14
7938	-18	-14
7957	-18	-14
7975	-18	-14
7994	-18	-14
8012	-18	-14
8032	-18	-14
8050	-18	-14
8069	-18	-14
8088	-18	-14
8107	-18	-14
8125	-18	-14
8143	-18	-14
8163	-18	-14
8181	-18	-14
8200	-18	-14
8219	-18	-14
8238	-18	-14
8256	-18	-14
8274	-18	-14
8294	-18	-14
8312	-18	-14
8331	-18	-14
8350	-18	-14
8369	-18	-14
8387	-18	-14
8406	-18	-14
8425	-16	-11
8443	-10	-8
8461	-4	-4
8477	0	1
8493	4	7
8507	8	12
8522	10	18
8539	13	23
8556	16	25
8572	18	24
8589	19	24
8605	19	23
8623	19	21
8639	19	20
8655	19	19
8672	19	19
8689	18	19
8706	15	19
8722	13	19
8738	12	19
8756	10	19
8772	11	20
8788	10	20
8805	10	20
8822	10	20
8839	10	19
8855	10	18
8871	11	17
8889	10	16
8905	11	15
8922	11	15
8938	11	14
8955	11	13
8972	12	12
8988	12	11
9005	12	9
9021	12	8
9036	13	7
9052	13	7
9067	13	6
9083	13	6
9099	14	5
9114	14	5
9129	14	5
9146	14	5
9161	14	5
9177	14	5
9192	14	5
9207	14	5
9224	14	5
9239	14	5
9254	14	6
9270	14	6
9286	14	6
9302	14	6
9317	14	6
9332	14	6
9349	14	6
9364	14	6
9379	14	4
9395	14	1
9411	14	-2
9427	14	-7
9444	15	-11
9461	16	-17
9480	17	-21
9497	19	-25
9515	21	-29
9532	22	-33
9550	22	-35
9568	23	-37
9585	23	-38
9603	23	-39
9621	23	-39
9638	23	-39
9656	23	-39
9673	23	-39
9692	23	-38
9709	23	-37
9726	23	-34
9745	23	-32
9762	23	-30
9780	23	-29
9797	23	-28
9816	23	-27
9833	23	-27
9850	23	-27
9868	23	-27
9886	23	-27
9904	23	-27
9921	23	-27
9938	23	-28
9957	23	-28
9974	23	-28
9992	23	-28
10009	23	-28
10029	23	-28
10047	22	-28
10065	22	-28
10085	22	-28
10103	23	-27
10122	22	-27
10140	22	-27
10160	23	-27
10178	23	-27
10196	22	-27
10216	22	-27
10234	22	-27
10253	22	-27
10271	23	-27
10291	24	-27
10309	26	-27
10328	28	-27
10347	28	-27
10365	29	-27
10384	29	-27
10402	29	-27
10422	29	-26
10440	29	-24
10459	29	-22
10478	29	-19
10497	26	-16
10515	20	-14
10533	12	-14
10553	4	-14
10570	-3	-14
10589	-11	-15
10608	-18	-14
10629	-20	-15
10648	-20	-15
10668	-20	-14
10688	-20	-15
10707	-20	-15
10727	-18	-14
10747	-17	-13
10767	-17	-12
10786	-17	-12
10806	-17	-12
10826	-17	-12
10846	-17	-12
10865	-17	-12
10886	-17	-12
10905	-17	-12
10925	-16	-12
10945	-17	-12
10964	-16	-12
10984	-17	-12
11003	-17	-12
11024	-17	-12
11043	-16	-12
11063	-17	-12
11083	-17	-12
11103	-16	-12
11122	-16	-10
11143	-16	-9
11161	-15	-8
11180	-15	-7
11198	-14	-6
11217	-14	-5
11236	-13	-5
11254	-13	-5
11273	-13	-5
11292	-13	-5
11311	-13	-5
11329	-13	-5
11348	-12	-5
11367	-13	-5
11385	-13	-5
11404	-13	-5
11423	-13	-5
11442	-13	-5
11460	-13	-5
11480	-13	-5
11498	-13	-5
11516	-13	-5
11535	-13	-5
11554	-13	-5
11573	-12	-5
11591	-13	-5
11611	-13	-5
11629	-13	-5
11648	-11	-5
11666	-7	-5
11684	-3	-5
11702	0	-5
11718	1	-5
11735	2	-4
11752	3	-1
11768	5	3
11784	6	7
11799	7	11
11816	6	15
11833	7	17
11849	7	17
11866	7	17
11883	7	17
11899	7	17
11916	7	15
11932	7	15
11950	7	14
11966	7	14
11982	7	14
11999	7	14
12016	7	14
12033	8	14
12049	8	14
12065	8	14
12083	9	13
12099	10	12
12116	11	10
12134	12	8
12151	12	6
12168	13	4
12184	14	3
12200	15	1
12218	15	-1
12235	16	-3
12253	16	-4
12270	16	-5
12289	16	-5
12306	16	-5
12323	16	-5
12342	16	-4
12359	16	-4
12377	16	-4
12394	16	-3
12412	17	-2
12430	17	-1
12447	17	-1
12465	17	0
12482	17	0
12498	17	1
12515	17	1
12531	17	1
12549	17	2
12565	17	2
12581	17	2
12598	17	2
12615	17	2
12632	17	1
12648	17	-1
12665	17	-5
12684	17	-9
12701	17	-14
12720	17	-19
12738	18	-23
12758	19	-28
12776	20	-31
12794	20	-35
12814	20	-37
12832	20	-39
12851	20	-41
12869	20	-41
12889	21	-41
12907	20	-42
12925	20	-41
12945	20	-41
12963	20	-40
12982	20	-39
13000	20	-37
13020	20	-35
13038	20	-35
13057	20	-34
13076	20	-33
13094	20	-32
13113	20	-31
13131	20	-31
13151	21	-31
13169	20	-31
13188	20	-31
13207	20	-31
13225	19	-32
13244	17	-32
13262	15	-32
13282	14	-32
13300	13	-32
13319	12	-32
13337	11	-32
13357	11	-32
13375	11	-31
13393	11	-32
13413	11	-31
13431	11	-31
13450	11	-31
13468	11	-31
13488	11	-31
13506	11	-30
13524	11	-31
13544	10	-31
13562	11	-31
13581	11	-31
13599	11	-31
13619	11	-31
13637	11	-31
13656	11	-31
13675	10	-31
13693	11	-31
13712	11	-30
13730	11	-30
13750	11	-29
13768	11	-28
13787	8	-27
13805	4	-23
13822	-1	-21
13841	-6	-20
13859	-11	-19
13880	-16	-18
13899	-20	-18
13919	-23	-16
13939	-23	-16
13959	-23	-16
13978	-23	-16
13998	-23	-15
14018	-23	-16
14038	-23	-15
14057	-23	-16
14077	-23	-15
14097	-23	-15
14116	-23	-15
14137	-22	-16
14156	-23	-15
14176	-23	-16
14195	-23	-16
14216	-23	-15
14235	-22	-15
14255	-23	-15
14275	-23	-15
14295	-23	-15
14314	-22	-15
14333	-21	-14
14354	-20	-13
14373	-20	-12
14393	-19	-11
14413	-18	-10
14433	-18	-9
14451	-17	-8
14471	-17	-8
14489	-17	-8
14508	-17	-8
14526	-17	-8
14545	-17	-8
14564	-17	-8
14582	-17	-8
14601	-17	-8
14620	-17	-8
14639	-17	-8
14657	-17	-7
14676	-17	-7
14695	-17	-8
14713	-17	-8
14732	-17	-8
14751	-17	-8
14770	-17	-9
14788	-17	-10
14809	-17	-10
14828	-18	-12
14848	-17	-12
14868	-18	-13
14887	-18	-13
14907	-17	-13
14926	-13	-13
14947	-7	-13
14965	-3	-10
14984	0	-4
15000	2	3
15016	4	10
15033	5	16
15049	6	20
15066	8	23
15083	9	22
15099	10	23
15117	11	22
15134	11	20
15153	11	18
15170	11	16
15187	11	16
15206	11	16
15223	11	16
15241	11	16
15258	11	17
15277	11	18
15294	11	18
15311	11	18
15329	11	18
15347	11	17
15365	11	16
15382	11	14
15400	11	13
15418	11	11
15435	12	10
15453	13	9
15470	13	8
15486	14	7
15503	14	5
15519	15	4
15537	15	2
15553	16	1
15569	16	0
15586	17	-2
15604	17	-3
15622	17	-4
15639	17	-5
15656	17	-6
15675	17	-7
15692	18	-7
15710	18	-8
15727	18	-8
15746	18	-8
15763	18	-9
15780	18	-9
15798	18	-8
15816	18	-9
15834	18	-9
15851	18	-8
15869	18	-9
15887	18	-9
15904	18	-8
15922	18	-8
15940	18	-8
15958	18	-9
15975	18	-9
15992	18	-10
16012	18	-12
16030	18	-15
16049	18	-17
16068	18	-20
16087	18	-23
16105	18	-25
16123	18	-28
16143	18	-30
16161	18	-31
16180	18	-32
16198	18	-32
16218	18	-31
16236	18	-31
16254	18	-30
16274	18	-28
16292	18	-27
16311	18	-26
16329	18	-24
16349	18	-23
16367	18	-23
16386	18	-22
16405	18	-22
16423	18	-22
16442	18	-23
16460	18	-23
16480	18	-23
16498	18	-24
16517	18	-24
16536	18	-24
16555	15	-24
16573	14	-24
16591	12	-25
16611	10	-24
16629	9	-24
16647	8	-24
16664	7	-24
16683	5	-24
16700	4	-24
16717	3	-24
16736	3	-25
16753	2	-24
16771	1	-24
16788	1	-24
16806	0	-24
16824	0	-24
16841	0	-24
16859	0	-24
16877	-1	-24
16896	0	-24
16913	-1	-24
16932	-1	-24
16951	-1	-24
16969	-1	-24
16988	-1	-24
17007	-1	-24
17026	-1	-24
17044	-1	-24
17062	-2	-24
17082	-3	-23
17100	-5	-23
17119	-7	-22
17138	-10	-22
17158	-12	-22
17177	-14	-22
17197	-17	-21
17217	-19	-19
17236	-20	-17
17256	-21	-16
17276	-21	-15
17296	-21	-15
17315	-21	-15
17336	-21	-15
17355	-21	-15
17375	-21	-15
17394	-21	-15
17415	-21	-15
17434	-21	-15
17454	-21	-15
17474	-21	-15
17494	-21	-15
17513	-21	-15
17533	-21	-15
17553	-21	-15
17572	-21	-15
17592	-21	-15
17612	-21	-14
17632	-21	-13
17651	-21	-12
17672	-21	-11
17691	-21	-9
17710	-20	-9
17728	-20	-8
17747	-20	-7
17766	-19	-6
17784	-19	-6
17804	-18	-5
17822	-18	-5
17841	-18	-5
17859	-18	-5
17879	-18	-5
17897	-18	-5
17915	-18	-5
17935	-18	-5
17953	-18	-5
17972	-18	-5
17990	-18	-5
18010	-18	-5
18028	-18	-5
18046	-18	-5
18066	-18	-5
18084	-18	-5
18103	-18	-5
18121	-18	-6
18141	-19	-7
18159	-19	-8
18178	-19	-9
18197	-19	-9
18215	-19	-9
18234	-16	-9
18252	-9	-9
18271	-3	-7
18288	2	-2
18305	6	5
18320	9	11
18337	13	17
18355	15	22
18372	18	24
18390	19	24
18408	20	24
18425	20	22
18443	20	20
18460	20	18
18479	20	18
18496	20	18
18513	17	18
18532	15	18
18549	13	18
18567	13	18
18584	12	19
18603	12	18
18620	12	19
18637	12	18
18655	12	18
18673	12	17
18691	12	16
18708	13	15
18725	13	14
18744	13	13
18761	13	12
18779	13	11
18797	14	9
18813	14	8
18830	14	6
18846	14	5
18864	15	4
18880	15	3
18896	16	2
18913	16	2
18929	17	1
18947	17	1
18963	17	0
18979	17	0
18997	17	0
19013	17	0
19030	17	0
19046	17	0
19063	17	0
19080	17	0
19096	17	0
19112	17	0
19130	17	0
19146	17	0
19163	17	0
19179	17	0
19196	17	0
19213	17	0
19229	17	0
19246	17	0
19263	17	0
19279	17	-3
19297	17	-7
19314	17	-11
19334	17	-16
19352	18	-21
19371	18	-24
19389	20	-28
19408	21	-31
19427	21	-34
19445	21	-36
19465	21	-37
19483	21	-38
19502	21	-37
19520	21	-38
19539	21	-37
19558	21	-37
19576	21	-36
19596	21	-34
19614	21	-32
19633	21	-30
19651	21	-28
19671	21	-27
19689	21	-26
19707	21	-25
19726	21	-25
19745	21	-25
19764	21	-25
19782	21	-25
19802	21	-26
19820	21	-25
19838	21	-26
19857	20	-26
19876	18	-26
19895	16	-26
19913	15	-26
19933	14	-26
19951	13	-26
19970	13	-26
19988	12	-26
20007	12	-26
20026	12	-26
20044	12	-26
20064	12	-26
20082	12	-26
20101	12	-26
20119	12	-26
20139	12	-26
20157	12	-26
20175	12	-26
20195	12	-26
20213	12	-26
20232	12	-26
20250	12	-26
20270	12	-26
20288	12	-26
20306	12	-26
20325	12	-26
20344	12	-25
20363	12	-24
20381	12	-24
20401	9	-23
20418	4	-21
20435	-1	-18
20454	-6	-17
20473	-12	-17
20493	-16	-16
20512	-20	-15
20533	-23	-15
20552	-23	-15
20572	-23	-14
20591	-23	-14
20612	-23	-14
20631	-23	-14
20651	-24	-14
20671	-23	-14
20690	-23	-14
20710	-23	-14
20730	-23	-14
20750	-23	-14
20769	-23	-14
20789	-23	-14
20809	-23	-14
20829	-23	-14
20848	-23	-14
20869	-23	-14
20888	-23	-14
20908	-22	-13
20928	-22	-13
20947	-21	-12
20967	-20	-11
20986	-19	-9
21006	-19	-9
21024	-18	-7
21043	-17	-6
21062	-16	-5
21081	-16	-4
21099	-15	-3
21117	-15	-3
21137	-15	-3
21155	-14	-2
21174	-14	-3
21192	-14	-2
21212	-14	-2
21230	-14	-2
21249	-14	-2
21268	-14	-2
21286	-14	-2
21305	-14	-2
21323	-14	-3
21343	-14	-2
21361	-14	-3
21380	-14	-2
21399	-14	-2
21417	-14	-2
21436	-14	-2
21454	-14	-2
21474	-14	-2
21492	-14	-2
21511	-14	-3
21530	-14	-3
21549	-12	-2
21567	-6	-3
21584	0	1
21601	5	5
21616	10	10
21634	14	14
21651	18	19
21669	21	21
21687	24	21
21704	25	21
21722	26	21
21740	25	20
21757	25	20
21775	25	20
21793	25	20
21811	24	20
21828	20	20
21846	16	20
21864	14	20
21881	13	20
21899	13	19
21916	13	19
21935	13	19
21952	13	19
21969	13	18
21987	13	17
22005	13	16
22023	13	15
22040	14	15
22059	16	13
22076	16	11
22093	17	9
22110	18	7
22127	18	5
22144	18	3
22160	18	1
22176	18	-1
22195	18	-2
22212	19	-4
22230	19	-5
22247	20	-6
22265	20	-7
22283	20	-7
22300	20	-8
22318	20	-8
22336	20	-9
22353	20	-9
22371	20	-9
22388	21	-9
22407	20	-9
22424	20	-9
22441	20	-9
22460	20	-9
22477	20	-9
22495	20	-9
22512	20	-9
22531	20	-9
22548	20	-9
22565	20	-9
22583	20	-10
22602	20	-11
22621	20	-12
22639	20	-14
22659	20	-17
22677	20	-19
22695	20	-21
22714	20	-23
22733	20	-26
22752	20	-28
22770	20	-29
22789	20	-30
22808	20	-30
22827	20	-30
22845	20	-29
22864	20	-29
22883	20	-28
22901	20	-27
22920	20	-26
22939	20	-25
22958	20	-24
22976	20	-23
22995	20	-23
23014	20	-23
23032	21	-23
23051	20	-23
23070	20	-23
23089	20	-23
23107	20	-24
23127	20	-24
23145	20	-24
23163	19	-24
23182	18	-24
23201	16	-24
23220	14	-24
23238	13	-24
23258	12	-24
23276	11	-24
23294	11	-24
23313	10	-24
23332	10	-24
23351	10	-24
23369	9	-24
23387	9	-24
23405	10	-24
23424	9	-25
23441	9	-24
23459	9	-24
23477	9	-24
23494	9	-24
23512	9	-24
23530	9	-24
23547	9	-24
23565	9	-24
23582	9	-24
23601	9	-24
23618	9	-24
23635	9	-24
23653	9	-24
23671	9	-23
23689	9	-22
23706	7	-20
23725	4	-19
23742	0	-16
23759	-5	-15
23778	-10	-15
23798	-14	-15
23818	-19	-15
23837	-22	-14
23858	-23	-14
23877	-23	-13
23897	-23	-13
23916	-23	-13
23937	-23	-13
23956	-23	-13
23975	-23	-13
23996	-23	-13
24015	-23	-13
24035	-23	-13
24055	-23	-13
24075	-23	-13
24094	-23	-13
24114	-23	-13
24134	-23	-13
24154	-23	-13
24173	-23	-13
24194	-23	-13
24213	-23	-13
24232	-22	-12
24252	-22	-11
24272	-21	-11
24292	-20	-10
24311	-20	-9
24331	-19	-7
24349	-18	-7
24368	-18	-6
24386	-17	-5
24406	-17	-4
24424	-16	-4
24442	-16	-4
24462	-16	-3
24480	-16	-3
24499	-16	-3
24517	-16	-3
24537	-16	-3
24555	-16	-3
24573	-16	-3
24593	-16	-3
24611	-16	-3
24630	-16	-3
24648	-16	-3
24668	-16	-3
24686	-16	-3
24705	-16	-3
24724	-16	-3
24742	-16	-4
24761	-16	-4
24779	-16	-5
24799	-16	-6
24817	-16	-6
24836	-16	-5
24855	-12	-5
24873	-4	-4
24891	2	1
24906	7	7
24923	11	12
24940	15	17
24957	18	22
24975	22	24
24993	25	24
25011	25	23
25028	26	23
25046	25	22
25064	25	22
25081	26	21
25099	25	21
25116	23	20
25135	19	21
25152	15	20
25169	14	20
25188	13	20
25205	13	20
25223	13	20
25240	13	19
25259	13	19
25276	13	18
25293	13	17
25311	13	17
25329	14	15
25347	15	14
25364	15	13
25381	16	12
25400	17	10
25417	17	8
25434	17	6
25450	17	4
25467	17	3
25484	17	1
25500	18	0
25517	18	-1
25535	18	-2
25552	18	-3
25570	19	-4
25588	19	-4
25606	20	-5
25623	20	-5
25640	20	-5
25659	20	-5
25676	20	-5
25694	20	-5
25711	20	-4
25730	20	-5
25747	20	-5
25764	20	-4
25782	20	-4
25800	20	-4
25818	20	-4
25835	20	-4
25853	20	-4
25871	20	-4
25888	20	-4
25906	20	-6
25924	20	-8
25942	20	-12
25960	20	-15
25978	20	-19
25998	20	-22
26016	20	-26
26035	20	-28
26054	20	-30
26073	20	-32
26091	20	-33
26109	20	-33
26129	20	-33
26147	20	-33
26166	20	-32
26185	20	-31
26204	20	-29
26222	20	-27
26241	20	-25
26260	20	-23
26278	20	-22
26297	20	-22
26315	20	-21
26335	20	-21
26353	20	-21
26372	20	-21
26391	20	-22
26409	21	-23
26428	20	-23
26446	20	-24
26466	20	-24
26484	19	-24
26503	18	-24
26522	16	-24
26541	15	-24
26559	14	-24
26577	13	-24
26597	13	-24
26615	12	-24
26634	12	-24
26653	12	-24
26672	12	-24
26690	12	-24
26708	12	-24
26728	12	-24
26746	12	-24
26765	12	-24
26784	12	-24
26803	12	-24
26821	12	-24
26840	12	-24
26859	12	-24
26877	12	-24
26896	12	-24
26914	12	-24
26934	12	-24
26952	12	-24
26971	12	-23
26990	12	-22
27009	12	-21
27027	9	-20
27044	5	-18
27063	0	-16
27080	-5	-15
27099	-11	-15
27119	-15	-15
27139	-20	-14
27158	-23	-14
27177	-23	-14
27198	-23	-14
27217	-23	-14
27237	-23	-14
27257	-23	-14
27277	-23	-13
27296	-22	-14
27317	-22	-13
27336	-22	-13
27356	-23	-13
27375	-23	-14
27396	-22	-13
27415	-22	-13
27435	-23	-14
27455	-23	-13
27474	-23	-13
27494	-22	-13
27514	-22	-13
27534	-22	-13
27553	-22	-13
27573	-21	-12
27593	-20	-11
27613	-20	-10
27632	-19	-9
27652	-18	-7
27670	-17	-6
27688	-17	-5
27707	-16	-4
27726	-15	-3
27745	-15	-2
27763	-15	-2
27783	-15	-2
27801	-14	-1
27820	-14	-2
27838	-14	-1
27857	-14	-1
27876	-14	-1
27894	-14	-1
27913	-14	-1
27932	-14	-2
27951	-14	-1
27969	-14	-1
27988	-14	-1
28007	-14	-1
28025	-14	-1
28044	-14	-1
28063	-14	-1
28082	-14	-2
28100	-14	-1
28120	-14	-1
28138	-14	-2
28156	-14	-1
28175	-13	-2
28194	-6	-1
28212	-1	3
28228	5	7
28243	9	11
28261	13	15
28278	17	20
28296	20	23
28313	24	23
28332	26	23
28349	26	23
28366	26	22
28385	26	22
28402	26	22
28420	26	21
28437	25	21
28455	21	21
28473	18	20
28490	15	20
28508	13	19
28526	13	20
28544	13	20
28561	13	19
28578	13	18
28597	13	18
28614	13	17
28632	13	16
28650	13	15
28667	15	14
28685	16	13
28702	17	11
28721	18	9
28737	18	7
28753	18	6
28770	18	4
28787	18	2
28804	19	1
28820	19	-1
28837	19	-3
28856	19	-4
28873	19	-5
28891	20	-6
28908	20	-7
28926	20	-7
28944	20	-7
28961	20	-8
28979	21	-8
28997	20	-8
29015	20	-8
29032	20	-8
29050	20	-8
29068	20	-8
29085	20	-8
29103	20	-8
29121	20	-8
29138	20	-8
29156	20	-8
29173	20	-8
29192	20	-8
29209	21	-8
29227	20	-9
29244	20	-11
29263	20	-13
29282	20	-15
29300	20	-18
29320	20	-21
29338	20	-23
29357	20	-26
29375	20	-28
29394	21	-29
29413	21	-30
29431	20	-30
29451	20	-30
29469	20	-29
29488	20	-29
29506	20	-27
29526	20	-26
29544	21	-25
29562	20	-23
29582	20	-22
29600	20	-22
29619	20	-21
29637	20	-21
29657	20	-21
29675	20	-22
29693	20	-22
29713	20	-23
29731	21	-23
29750	20	-23
29768	20	-24
29788	20	-23
29806	18	-24
29825	17	-24
29843	15	-23
29862	14	-23
29881	13	-23
29899	12	-23
29919	11	-23
29937	11	-24
29956	10	-23
29974	10	-24
29993	10	-24
30012	10	-23
30030	10	-23
30050	10	-23
30068	10	-24
30087	10	-23
30105	10	-23
30125	10	-24
30143	10	-23
30161	10	-24
30181	10	-23
30199	10	-23
30218	10	-23
30236	10	-24
30256	10	-24
30274	10	-23
30292	10	-23
30312	10	-22
30330	10	-22
30349	7	-21
30366	3	-19
30385	-2	-17
30403	-7	-16
30422	-12	-16
30441	-16	-16
30461	-20	-16
30481	-23	-15
30500	-23	-14
30521	-23	-14
30540	-23	-14
30560	-23	-14
30580	-23	-14
30600	-23	-14
30619	-22	-14
30639	-22	-14
30659	-22	-13
30679	-23	-14
30698	-22	-14
30718	-23	-14
30738	-23	-14
30757	-23	-14
30778	-22	-14
30797	-23	-14
30817	-23	-13
30836	-23	-14
30857	-22	-13
30876	-22	-13
30896	-21	-12
30916	-20	-10
30936	-20	-9
30954	-19	-8
30972	-18	-7
30992	-17	-6
31010	-17	-5
31029	-16	-4
31048	-15	-3
31067	-15	-2
31085	-15	-2
31104	-15	-2
31123	-14	-1
31141	-14	-2
31160	-14	-2
31179	-14	-1
31198	-14	-1
31216	-14	-1
31235	-14	-1
31254	-14	-1
31272	-14	-1
31291	-14	-1
31310	-14	-1
31329	-14	-2
31347	-14	-1
31366	-14	-1
31385	-14	-2
31404	-14	-1
31422	-14	-1
31441	-14	-2
31460	-14	-2
31478	-14	-2
31497	-13	-2
31516	-6	-1
31534	0	2
31549	5	6
31564	9	10
31582	13	14
31599	17	19
31617	20	22
31634	24	23
31652	26	23
31670	26	22
31687	26	22
31705	26	21
31723	26	21
31740	26	21
31758	26	20
31776	22	20
31794	18	20
31811	15	20
31828	13	19
31847	13	19
31864	13	19
31882	13	19
31899	13	18
31918	13	17
31935	13	16
31952	13	16
31970	13	15
31988	15	14
32006	16	13
32023	17	11
32040	18	9
32058	18	7
32074	18	6
32091	18	4
32107	19	3
32124	18	0
32141	18	-1
32158	19	-2
32177	19	-3
32194	19	-5
32211	20	-5
32229	20	-6
32247	20	-7
32265	20	-7
32282	20	-7
32300	20	-7
32318	20	-7
32335	20	-7
32353	20	-7
32370	20	-7
32389	20	-7
32406	20	-7
32423	20	-7
32442	20	-7
32459	20	-7
32477	20	-7
32494	20	-7
32513	20	-7
32530	20	-8
32547	20	-9
32565	20	-10
32584	20	-13
32603	20	-15
32621	20	-18
32640	20	-21
32659	20	-23
32677	20	-26
32696	20	-28
32715	20	-30
32734	20	-30
32752	20	-30
-32765	20	-30
-32745	20	-29
-32725	20	-29
-32706	20	-28
-32686	20	-26
-32666	20	-24
-32647	20	-23
-32626	20	-22
-32607	20	-21
-32587	20	-21
-32568	20	-21
-32547	20	-22
-32528	20	-22
-32508	20	-23
-32488	20	-23
-32468	20	-24
-32449	20	-23
-32429	20	-24
-32409	19	-24
-32390	17	-23
-32370	15	-24
-32350	14	-24
-32330	13	-23
-32311	12	-23
-32290	11	-23
-32271	11	-23
-32251	10	-23
-32232	10	-23
-32211	10	-23
-32192	10	-23
-32173	10	-24
-32152	10	-23
-32133	10	-24
-32113	10	-24
-32093	10	-24
-32073	10	-23
-32054	10	-23
-32034	10	-23
-32014	10	-23
-31994	10	-24
-31975	10	-23
-31954	10	-24
-31935	10	-23
-31916	10	-23
-31895	10	-23
-31876	10	-23
-31856	10	-22
-31837	9	-22
-31817	6	-22
-31799	2	-21
-31780	-3	-20
-31760	-9	-20
-31740	-14	-19
-31720	-18	-19
-31699	-22	-17
-31678	-24	-17
-31657	-24	-15
-31637	-24	-15
-31615	-24	-15
-31595	-24	-15
-31575	-23	-15
-31553	-22	-15
-31533	-22	-15
-31512	-22	-15
-31491	-23	-15
-31470	-23	-15
-31450	-22	-15
-31428	-22	-15
-31408	-22	-15
-31387	-23	-15
-31367	-23	-15
-31345	-22	-15
-31325	-22	-15
-31304	-22	-14
-31283	-21	-13
-31262	-20	-12
-31242	-20	-11
-31220	-19	-9
-31201	-18	-8
-31181	-18	-7
-31161	-17	-6
-31141	-16	-5
-31122	-16	-4
-31102	-15	-3
-31082	-15	-3
-31063	-14	-2
-31043	-14	-2
-31023	-14	-2
-31003	-14	-2
-30984	-14	-2
-30963	-14	-2
-30944	-14	-2
-30924	-14	-2
-30905	-14	-2
-30884	-14	-2
-30865	-14	-2
-30845	-14	-2
-30825	-14	-2
-30805	-14	-2
-30786	-14	-2
-30766	-14	-2
-30746	-14	-2
-30727	-14	-2
-30707	-14	-2
-30687	-14	-2
-30667	-14	-2
-30648	-14	-2
-30627	-14	-2
-30608	-11	-2
-30588	-5	-1
-30570	1	3
-30553	6	7
-30536	10	11
-30518	14	16
-30498	18	20
-30480	22	22
-30461	24	22
-30443	25	21
-30424	25	21
-30405	25	21
-30387	25	20
-30368	25	20
-30349	25	20
-30330	21	20
-30312	17	19
-30292	14	19
-30274	13	19
-30256	13	19
-30237	13	19
-30218	13	19
-30199	13	18
-30181	13	18
-30161	13	17
-30143	13	16
-30125	13	15
-30106	14	14
-30087	15	13
-30068	16	11
-30050	15	10
-30030	16	8
-30013	16	6
-29996	16	5
-29978	17	3
-29960	17	2
-29942	18	1
-29925	18	0
-29907	18	-1
-29888	19	-2
-29870	20	-3
-29851	20	-3
-29832	20	-4
-29813	20	-4
-29795	20	-4
-29776	20	-4
-29757	20	-4
-29738	20	-4
-29720	20	-4
-29702	20	-4
-29682	20	-4
-29664	20	-4
-29645	20	-4
-29626	20	-4
-29607	20	-3
-29589	20	-4
-29571	20	-4
-29551	20	-4
-29533	20	-4
-29514	20	-4
-29495	20	-6
-29476	20	-9
-29458	20	-12
-29438	20	-17
-29418	20	-21
-29399	20	-24
-29379	20	-28
-29359	20	-30
-29339	20	-32
-29320	20	-33
-29299	21	-34
-29280	20	-34
-29260	20	-33
-29241	20	-33
-29220	20	-32
-29201	20	-30
-29181	20	-28
-29161	20	-26
-29141	20	-24
-29122	20	-23
-29102	20	-23
-29082	20	-22
-29063	20	-22
-29043	20	-23
-29023	20	-23
-29003	20	-23
-28984	20	-24
-28963	20	-24
-28944	20	-24
-28924	20	-24
-28905	20	-24
-28884	18	-24
-28865	16	-24
-28846	15	-24
-28825	14	-24
-28806	13	-24
-28786	13	-24
-28766	12	-24
-28746	11	-24
-28727	11	-24
-28707	11	-24
-28687	11	-24
-28667	11	-24
-28648	11	-24
-28627	11	-24
-28608	11	-24
-28589	11	-24
-28568	11	-24
-28549	11	-24
-28529	11	-24
-28510	11	-24
-28489	11	-24
-28470	11	-24
-28450	11	-24
-28430	11	-24
-28410	11	-24
-28391	11	-23
-28370	11	-23
-28351	12	-22
-28332	11	-21
-28312	8	-20
-28293	4	-19
-28274	-2	-19
-28255	-8	-18
-28234	-13	-18
-28214	-18	-18
-28193	-23	-17
-28173	-24	-17
-28151	-24	-16
-28131	-24	-16
-28110	-24	-16
-28089	-23	-16
-28068	-22	-16
-28048	-21	-15
-28026	-21	-16
-28006	-21	-16
-27985	-21	-16
-27964	-21	-16
-27943	-21	-16
-27923	-21	-16
-27901	-21	-16
-27881	-21	-16
-27860	-22	-16
-27840	-21	-16
-27818	-21	-15
-27798	-21	-15
-27778	-20	-13
-27756	-20	-12
-27736	-19	-10
-27715	-18	-9
-27695	-17	-8
-27675	-17	-7
-27656	-16	-5
-27635	-15	-4
-27616	-15	-3
-27596	-14	-2
-27577	-14	-1
-27556	-13	-1
-27537	-13	0
-27518	-12	-1
-27498	-11	0
-27480	-11	0
-27461	-11	-1
-27442	-11	0
-27422	-12	0
-27404	-11	0
-27385	-11	0
-27366	-11	0
-27347	-11	0
-27329	-11	0
-27311	-11	0
-27291	-11	0
-27273	-11	0
-27254	-11	0
-27235	-11	0
-27216	-11	0
-27198	-11	0
-27180	-11	0
-27160	-11	0
-27142	-11	0
-27123	-11	0
-27104	-8	0
-27086	-4	2
-27069	1	5
-27053	5	7
-27035	8	10
-27018	12	13
-26999	15	16
-26981	18	17
-26961	20	18
-26943	20	18
-26925	20	18
-26906	20	18
-26887	20	17
-26868	20	17
-26850	20	16
-26830	19	16
-26812	16	15
-26793	15	15
-26775	14	15
-26756	14	15
-26737	14	15
-26719	14	15
-26699	14	15
-26681	14	14
-26662	14	14
-26644	14	14
-26624	14	14
-26606	14	13
-26588	14	12
-26568	15	10
-26550	16	8
-26532	16	6
-26515	17	5
-26496	17	3
-26479	18	1
-26462	18	0
-26444	19	-1
-26425	19	-3
-26406	19	-4
-26388	20	-5
-26368	20	-6
-26350	20	-6
-26332	20	-7
-26313	20	-7
-26294	20	-7
-26275	20	-7
-26257	20	-8
-26237	20	-7
-26219	20	-7
-26201	20	-7
-26182	20	-7
-26163	20	-8
-26144	20	-7
-26126	20	-7
-26106	20	-7
-26088	20	-7
-26069	20	-7
-26051	20	-7
-26032	20	-8
-26013	20	-9
-25995	20	-11
-25975	20	-13
-25955	20	-16
-25935	20	-19
-25916	20	-22
-25895	21	-24
-25876	20	-27
-25856	20	-28
-25836	20	-29
-25817	20	-30
-25797	20	-30
-25778	20	-29
-25757	20	-29
-25738	20	-27
-25718	20	-25
-25698	20	-24
-25678	20	-23
-25659	20	-22
-25638	20	-21
-25619	20	-21
-25599	20	-21
-25580	20	-21
-25560	20	-22
-25540	20	-22
-25521	20	-23
-25500	20	-23
-25481	20	-23
-25461	20	-23
-25441	20	-23
-25421	19	-23
-25402	17	-23
-25382	15	-23
-25362	14	-23
-25342	13	-23
-25323	12	-23
-25303	11	-23
-25283	11	-23
-25264	10	-23
-25244	10	-23
-25224	10	-23
-25204	10	-23
-25185	10	-23
-25164	10	-23
-25145	10	-23
-25125	10	-23
-25105	10	-23
-25085	10	-23
-25066	10	-23
-25047	10	-23
-25026	10	-23
-25007	10	-23
-24987	10	-23
-24967	10	-23
-24947	10	-23
-24928	10	-23
-24907	10	-23
-24888	10	-22
-24868	10	-21
-24849	9	-20
-24829	6	-20
-24811	2	-19
-24793	-3	-17
-24772	-9	-17
-24753	-13	-17
-24732	-17	-17
-24712	-22	-16
-24690	-24	-16
-24670	-24	-15
-24649	-24	-15
-24628	-24	-15
-24607	-24	-14
-24587	-23	-15
-24565	-23	-15
-24545	-23	-15
-24524	-23	-15
-24503	-22	-15
-24482	-22	-15
-24462	-23	-15
-24440	-22	-15
-24420	-23	-15
-24399	-23	-15
-24379	-22	-15
-24357	-23	-15
-24337	-23	-15
-24316	-22	-14
-24295	-21	-13
-24274	-20	-12
-24254	-20	-10
-24232	-19	-9
-24213	-18	-8
-24194	-18	-7
-24173	-17	-6
-24154	-16	-4
-24134	-16	-4
-24115	-15	-3
-24094	-14	-2
-24075	-14	-2
-24055	-14	-1
-24035	-13	-1
-24015	-13	-1
-23996	-13	-1
-23976	-13	-1
-23956	-13	-1
-23936	-13	-1
-23917	-13	-1
-23897	-13	-1
-23877	-13	-1
-23858	-13	-1
-23837	-13	-1
-23818	-13	-1
-23798	-13	-1
-23779	-13	-1
-23758	-13	-1
-23739	-13	-1
-23719	-13	-1
-23699	-13	-1
-23679	-13	-1
-23660	-13	-1
-23640	-13	-1
-23620	-12	-1
-23601	-6	-1
-23582	-1	2
-23564	4	6
-23547	8	9
-23531	12	13
-23513	15	16
-23493	19	18
-23475	22	19
-23456	23	19
-23437	23	19
-23418	23	19
-23400	23	18
-23381	23	17
-23362	23	17
-23344	23	16
-23325	19	16
-23306	15	15
-23287	14	15
-23269	13	15
-23250	13	15
-23231	13	16
-23213	13	16
-23194	13	16
-23175	13	15
-23156	13	15
-23138	13	15
-23119	14	15
-23100	14	14
-23081	15	12
-23063	15	10
-23044	16	9
-23026	16	7
-23009	17	5
-22991	17	3
-22973	18	2
-22956	18	0
-22938	18	-1
-22920	19	-2
-22900	19	-3
-22882	19	-4
-22863	20	-4
-22845	20	-5
-22825	20	-5
-22807	20	-5
-22789	20	-5
-22769	20	-5
-22751	20	-5
-22732	20	-5
-22714	20	-5
-22694	20	-5
-22676	20	-5
-22658	20	-5
-22638	20	-5
-22620	20	-5
-22601	20	-5
-22583	20	-5
-22563	20	-5
-22545	20	-5
-22526	20	-5
-22507	20	-7
-22489	20	-9
-22470	20	-13
-22451	20	-16
-22430	20	-20
-22411	20	-24
-22391	20	-27
-22371	20	-29
-22351	20	-31
-22332	20	-32
-22311	20	-33
-22292	20	-33
-22272	20	-32
-22253	20	-31
-22233	20	-30
-22213	20	-28
-22194	20	-26
-22173	20	-24
-22154	20	-23
-22134	20	-22
-22115	20	-21
-22094	20	-22
-22075	20	-21
-22055	20	-22
-22035	20	-22
-22015	20	-23
-21996	20	-24
-21976	20	-24
-21956	20	-24
-21937	20	-24
-21917	20	-24
-21897	18	-24
-21877	16	-24
-21858	15	-24
-21837	14	-24
-21818	13	-24
-21798	12	-24
-21778	11	-24
-21758	11	-24
-21739	11	-24
-21720	11	-23
-21699	11	-23
-21680	11	-24
-21660	11	-24
-21640	11	-24
-21620	11	-24
-21601	11	-24
-21580	11	-24
-21561	11	-24
-21541	11	-24
-21522	11	-24
-21501	11	-24
-21482	11	-24
-21463	11	-24
-21442	11	-24
-21423	11	-24
-21403	11	-23
-21384	11	-22
-21363	11	-21
-21344	10	-20
-21324	7	-17
-21305	2	-15
-21286	-3	-13
-21267	-8	-13
-21246	-13	-13
-21226	-17	-13
-21205	-22	-13
-21185	-24	-13
-21164	-24	-13
-21143	-24	-13
-21123	-24	-13
-21101	-24	-13
-21081	-23	-13
-21060	-22	-13
-21039	-22	-13
-21018	-22	-13
-20998	-22	-13
-20976	-22	-13
-20956	-22	-13
-20935	-22	-13
-20914	-22	-13
-20893	-22	-13
-20873	-22	-13
-20852	-22	-13
-20831	-22	-13
-20810	-21	-13
-20790	-20	-12
-20768	-19	-11
-20748	-19	-10
-20727	-18	-8
-20707	-17	-7
-20687	-17	-6
-20668	-16	-4
-20647	-15	-3
-20628	-15	-2
-20608	-14	-1
-20589	-13	-1
-20569	-12	0
-20550	-11	0
-20532	-11	0
-20512	-11	1
-20494	-10	1
-20475	-10	1
-20457	-10	1
-20437	-10	1
-20419	-10	1
-20401	-10	1
-20381	-10	1
-20363	-10	1
-20344	-10	1
-20326	-10	1
-20306	-10	1
-20288	-10	1
-20270	-10	1
-20250	-10	1
-20232	-10	1
-20213	-10	1
-20195	-11	1
-20175	-10	1
-20157	-11	1
-20138	-10	1
-20120	-7	2
-20102	-3	4
-20084	1	6
-20068	4	9
-20051	7	10
-20033	10	12
-20015	13	14
-19996	15	15
-19977	16	16
-19958	17	15
-19940	17	16
-19921	17	16
-19902	17	15
-19884	17	15
-19865	17	15
-19846	16	15
-19827	15	15
-19809	14	15
-19790	14	15
-19771	14	15
-19752	14	15
-19734	14	15
-19715	14	15
-19696	14	15
-19678	14	15
-19659	14	14
-19640	14	13
-19621	14	12
-19603	14	10
-19583	15	8
-19566	15	7
-19549	16	5
-19531	17	3
-19513	17	1
-19495	18	-1
-19477	19	-2
-19459	19	-4
-19439	20	-5
-19421	20	-6
-19402	20	-7
-19383	20	-8
-19364	20	-9
-19346	20	-10
-19326	20	-10
-19306	20	-11
-19287	20	-11
-19267	20	-11
-19247	20	-12
-19227	20	-12
-19208	20	-12
-19188	20	-12
-19168	20	-12
-19148	20	-12
-19129	20	-12
-19108	20	-12
-19089	20	-12
-19069	20	-12
-19049	20	-12
-19029	20	-13
-19010	20	-14
-18991	20	-15
-18970	20	-17
-18951	20	-19
-18931	20	-21
-18911	20	-23
-18891	20	-25
-18872	20	-26
-18852	20	-27
-18832	20	-28
-18812	20	-28
-18793	20	-28
-18772	20	-27
-18753	20	-26
-18734	20	-26
-18713	20	-25
-18694	20	-24
-18674	20	-23
-18655	20	-22
-18634	20	-22
-18615	20	-22
-18595	20	-22
-18575	20	-22
-18555	20	-23
-18536	20	-23
-18515	20	-23
-18496	20	-23
-18477	20	-23
-18457	20	-23
-18437	19	-23
-18417	17	-23
-18398	15	-23
-18377	13	-23
-18358	12	-22
-18338	10	-22
-18318	9	-23
-18299	8	-23
-18281	7	-22
-18263	7	-22
-18243	6	-22
-18225	5	-23
-18206	5	-22
-18188	4	-22
-18168	4	-22
-18150	4	-22
-18131	4	-22
-18112	4	-23
-18094	4	-23
-18075	4	-22
-18057	4	-22
-18037	4	-22
-18019	4	-22
-18000	4	-22
-17981	4	-23
-17962	4	-22
-17944	4	-23
-17926	4	-22
-17906	4	-22
-17888	3	-22
-17869	1	-21
-17850	-1	-20
-17830	-3	-19
-17811	-7	-17
-17791	-11	-17
-17770	-14	-17
-17749	-17	-17
-17729	-20	-16
-17708	-23	-15
-17687	-23	-14
-17667	-23	-13
-17645	-23	-13
-17625	-23	-13
-17604	-23	-13
-17583	-23	-13
-17562	-23	-13
-17542	-23	-13
-17520	-23	-13
-17500	-23	-13
-17479	-23	-13
-17459	-23	-13
-17437	-23	-13
-17417	-23	-13
-17396	-23	-13
-17375	-23	-13
-17354	-23	-13
-17334	-24	-13
-17312	-22	-13
-17292	-21	-12
-17271	-20	-11
-17250	-20	-9
-17230	-19	-8
-17211	-18	-7
-17191	-17	-6
-17171	-17	-5
-17151	-16	-4
-17132	-15	-3
-17112	-15	-2
-17092	-14	-1
-17073	-14	-1
-17052	-13	-1
-17033	-13	-1
-17013	-13	-1
-16994	-13	-1
-16973	-13	-1
-16954	-13	-1
-16934	-13	-1
-16914	-13	-1
-16894	-13	-1
-16875	-13	-1
-16855	-13	-1
-16835	-13	-1
-16816	-13	-1
-16796	-13	-1
-16776	-13	-1
-16756	-13	-1
-16737	-13	-1
-16716	-13	-1
-16697	-13	-1
-16677	-13	-1
-16658	-13	-1
-16637	-10	-1
-16618	-5	1
-16601	0	4
-16583	5	7
-16567	9	11
-16549	13	14
-16531	16	17
-16511	19	19
-16493	21	19
-16475	22	19
-16456	22	18
-16437	22	18
-16418	22	18
-16400	22	18
-16380	22	18
-16362	19	18
-16344	16	18
-16325	14	18
-16306	13	18
-16287	13	18
-16269	13	18
-16249	13	18
-16231	13	18
-16212	13	18
-16194	13	17
-16175	13	16
-16156	13	15
-16138	14	13
-16118	14	12
-16100	14	10
-16081	14	9
-16064	15	7
-16046	16	5
-16028	17	3
-16011	17	2
-15993	18	0
-15975	19	-2
-15956	19	-3
-15938	20	-4
-15919	20	-5
-15900	20	-6
-15882	20	-7
-15863	20	-7
-15844	20	-8
-15825	20	-8
-15807	20	-9
-15788	20	-9
-15769	20	-9
-15751	20	-9
-15732	20	-8
-15713	20	-9
-15694	20	-9
-15676	20	-9
-15656	20	-9
-15638	20	-9
-15620	20	-8
-15601	20	-9
-15582	20	-9
-15563	20	-9
-15545	20	-10
-15525	20	-11
-15505	20	-13
-15485	20	-15
-15466	20	-18
-15445	20	-21
-15426	20	-23
-15407	20	-25
-15386	20	-28
-15367	20	-29
-15347	20	-29
-15328	20	-29
-15307	20	-28
-15288	20	-28
-15268	20	-26
-15248	20	-25
-15228	20	-23
-15209	20	-22
-15188	20	-21
-15169	20	-21
-15150	20	-21
-15130	20	-21
-15110	20	-21
-15090	20	-21
-15071	20	-22
-15050	20	-23
-15031	20	-22
-15011	20	-22
-14991	20	-22
-14971	20	-22
-14952	18	-22
-14932	16	-21
-14912	14	-21
-14893	13	-21
-14873	11	-21
-14853	9	-21
-14834	8	-21
-14816	6	-21
-14797	5	-21
-14778	4	-21
-14759	3	-21
-14741	2	-21
-14722	2	-21
-14703	1	-21
-14685	1	-21
-14666	0	-21
-14647	0	-21
-14628	0	-21
-14610	0	-21
-14590	0	-21
-14572	0	-21
-14554	0	-21
-14535	0	-21
-14516	0	-21
-14497	0	-21
-14479	0	-21
-14460	0	-21
-14441	0	-21
-14423	0	-21
-14404	-1	-21
-14384	-3	-21
-14364	-5	-20
-14345	-8	-20
-14324	-10	-20
-14304	-13	-20
-14283	-16	-19
-14263	-19	-18
-14241	-21	-16
-14221	-22	-15
-14200	-23	-14
-14179	-23	-14
-14158	-23	-14
-14138	-22	-14
-14116	-22	-14
-14096	-22	-14
-14075	-23	-14
-14054	-23	-14
-14033	-23	-14
-14013	-22	-14
-13991	-23	-14
-13971	-23	-14
-13950	-23	-14
-13930	-23	-14
-13908	-23	-14
-13888	-22	-14
-13868	-22	-14
-13846	-22	-13
-13826	-22	-12
-13805	-20	-11
-13784	-20	-10
-13763	-19	-8
-13744	-18	-7
-13723	-17	-6
-13704	-16	-4
-13684	-15	-3
-13665	-14	-1
-13644	-14	-1
-13625	-13	0
-13606	-12	1
-13587	-11	2
-13568	-11	2
-13550	-10	2
-13532	-10	2
-13512	-9	2
-13495	-10	3
-13476	-9	2
-13458	-9	2
-13440	-9	3
-13423	-9	3
-13406	-9	3
-13387	-9	3
-13370	-9	3
-13352	-9	3
-13335	-9	3
-13317	-9	3
-13299	-9	3
-13282	-9	3
-13264	-9	3
-13246	-9	3
-13229	-9	3
-13211	-9	3
-13193	-9	3
-13175	-7	4
-13158	-4	5
-13140	-1	8
-13122	3	9
-13106	6	11
-13088	9	13
-13071	11	14
-13051	13	15
-13033	14	15
-13015	14	15
-12996	14	15
-12977	14	15
-12958	14	15
-12940	14	15
-12920	14	15
-12902	14	15
-12883	14	15
-12865	14	15
-12846	14	15
-12827	14	15
-12809	14	15
-12789	14	15
-12771	14	15
-12752	14	15
-12734	14	14
-12714	14	14
-12696	14	13
-12678	14	11
-12658	14	10
-12640	15	8
-12622	15	6
-12605	15	5
-12586	17	3
-12569	18	2
-12552	18	0
-12534	19	-1
-12515	20	-3
-12496	20	-5
-12478	20	-6
-12458	20	-7
-12440	20	-8
-12422	20	-9
-12403	20	-10
-12383	20	-11
-12363	20	-11
-12344	20	-11
-12323	20	-11
-12304	20	-11
-12284	20	-11
-12265	20	-11
-12244	20	-11
-12225	20	-11
-12206	20	-11
-12185	20	-11
-12166	20	-11
-12146	20	-11
-12126	20	-11
-12106	20	-12
-12087	20	-13
-12067	20	-14
-12047	20	-15
-12027	20	-18
-12008	20	-19
-11987	20	-21
-11968	20	-23
-11949	20	-25
-11928	20	-27
-11909	20	-28
-11889	20	-28
-11870	20	-28
-11849	20	-27
-11830	20	-27
-11810	20	-25
-11790	20	-24
-11770	20	-23
-11751	20	-22
-11731	20	-21
-11711	20	-21
-11692	20	-21
-11672	20	-21
-11652	20	-21
-11632	20	-22
-11613	20	-22
-11592	20	-22
-11573	20	-22
-11553	20	-22
-11534	20	-22
-11513	19	-21
-11494	17	-21
-11474	15	-21
-11454	13	-21
-11434	12	-21
-11415	10	-21
-11395	8	-21
-11376	7	-21
-11358	5	-21
-11339	3	-21
-11320	2	-21
-11301	1	-21
-11283	0	-21
-11264	0	-21
-11245	-1	-21
-11226	-2	-21
-11206	-2	-21
-11186	-2	-21
-11166	-2	-21
-11147	-3	-21
-11126	-2	-21
-11107	-2	-21
-11087	-2	-21
-11068	-2	-21
-11047	-3	-21
-11028	-2	-21
-11008	-3	-21
-10988	-2	-21
-10969	-2	-21
-10949	-3	-21
-10929	-4	-21
-10909	-5	-21
-10890	-7	-20
-10870	-10	-20
-10849	-12	-20
-10828	-15	-20
-10808	-17	-19
-10786	-19	-18
-10766	-22	-16
-10745	-22	-15
-10724	-23	-14
-10703	-22	-14
-10683	-22	-14
-10661	-22	-14
-10641	-22	-14
-10620	-23	-14
-10600	-23	-14
-10578	-22	-14
-10558	-22	-14
-10537	-22	-14
-10516	-22	-14
-10495	-22	-14
-10475	-22	-14
-10453	-22	-14
-10433	-22	-14
-10413	-22	-14
-10391	-22	-14
-10371	-22	-14
-10350	-22	-13
-10329	-20	-12
-10308	-20	-10
-10288	-19	-8
-10268	-18	-7
-10248	-18	-6
-10228	-17	-4
-10209	-16	-3
-10188	-15	-2
-10169	-14	-1
-10149	-13	0
-10130	-13	1
-10111	-12	1
-10093	-11	2
-10075	-11	2
-10055	-10	2
-10037	-10	2
-10018	-10	2
-9999	-10	3
-9981	-10	3
-9964	-10	2
-9947	-10	2
-9928	-10	2
-9911	-10	2
-9893	-10	2
-9876	-10	2
-9858	-10	2
-9840	-10	2
-9823	-10	2
-9805	-10	2
-9787	-10	2
-9769	-10	3
-9752	-10	2
-9734	-10	2
-9716	-10	3
-9699	-7	4
-9682	-4	6
-9665	0	8
-9650	3	10
-9633	7	11
-9617	9	13
-9600	11	15
-9582	14	15
-9565	15	16
-9547	15	16
-9529	15	16
-9511	15	16
-9494	15	16
-9477	15	15
-9458	15	15
-9441	15	15
-9423	15	15
-9406	14	15
-9388	14	16
-9370	14	15
-9353	14	15
-9335	14	15
-9317	14	15
-9299	14	15
-9282	14	15
-9264	14	14
-9246	14	13
-9229	14	12
-9211	14	10
-9193	14	8
-9177	15	7
-9160	15	5
-9144	16	3
-9126	17	2
-9110	18	0
-9094	19	-2
-9076	19	-4
-9058	19	-5
-9040	20	-6
-9023	20	-8
-9006	20	-9
-8987	20	-10
-8969	20	-11
-8950	20	-12
-8931	20	-12
-8912	20	-13
-8894	20	-14
-8876	20	-14
-8856	20	-15
-8838	20	-14
-8819	20	-14
-8800	20	-15
-8781	20	-15
-8763	20	-15
-8744	20	-15
-8725	20	-15
-8707	20	-15
-8688	20	-15
-8669	20	-16
-8650	20	-17
-8632	20	-18
-8613	20	-19
-8594	20	-20
-8575	20	-21
-8557	20	-23
-8539	20	-24
-8519	20	-25
-8501	20	-26
-8482	20	-27
-8463	20	-27
-8444	20	-26
-8426	20	-26
-8408	20	-25
-8388	20	-25
-8370	20	-24
-8351	20	-23
-8332	20	-23
-8313	20	-23
-8295	20	-22
-8276	20	-22
-8257	20	-22
-8239	20	-22
-8220	20	-23
-8201	20	-22
-8182	20	-22
-8164	20	-22
-8145	20	-22
-8126	19	-22
-8108	17	-22
-8089	15	-22
-8071	13	-22
-8051	12	-22
-8033	10	-22
-8014	8	-22
-7996	6	-22
-7978	4	-22
-7961	3	-22
-7944	1	-22
-7925	0	-22
-7908	-1	-22
-7889	-2	-22
-7871	-2	-22
-7852	-3	-22
-7833	-4	-22
-7815	-4	-22
-7795	-5	-22
-7777	-5	-22
-7758	-5	-22
-7740	-5	-22
-7720	-5	-22
-7702	-5	-22
-7684	-5	-22
-7664	-5	-22
-7646	-5	-22
-7627	-5	-22
-7609	-5	-22
-7589	-5	-22
-7571	-6	-22
-7552	-6	-22
-7533	-8	-21
-7515	-10	-21
-7495	-13	-21
-7476	-14	-21
-7455	-17	-20
-7436	-19	-19
-7416	-20	-17
-7396	-22	-16
-7376	-22	-15
-7357	-23	-14
-7337	-22	-14
-7317	-22	-14
-7298	-23	-14
-7278	-23	-14
-7258	-22	-14
-7238	-22	-14
-7219	-22	-14
-7198	-22	-14
-7179	-22	-14
-7159	-22	-14
-7140	-23	-15
-7119	-22	-14
-7100	-22	-14
-7080	-23	-14
-7060	-22	-14
-7040	-22	-14
-7021	-22	-13
-7001	-21	-12
-6981	-20	-11
-6962	-20	-9
-6943	-19	-8
-6924	-18	-6
-6905	-17	-5
-6887	-16	-4
-6867	-16	-2
-6849	-15	-1
-6831	-14	-1
-6812	-13	1
-6794	-13	1
-6776	-12	1
-6759	-11	2
-6741	-11	2
-6723	-11	2
-6706	-10	2
-6688	-10	2
-6670	-10	2
-6652	-10	2
-6635	-10	2
-6618	-10	2
-6599	-10	2
-6582	-10	2
-6564	-10	2
-6547	-11	2
-6528	-10	2
-6511	-10	2
-6494	-10	2
-6476	-10	2
-6458	-10	2
-6440	-10	2
-6423	-10	2
-6405	-10	2
-6387	-6	4
-6371	-3	6
-6354	1	8
-6338	4	10
-6322	7	11
-6305	10	13
-6288	12	15
-6269	14	16
-6252	15	16
-6235	15	16
-6217	15	16
-6199	15	16
-6181	15	16
-6164	15	15
-6147	15	15
-6128	15	15
-6111	14	15
-6093	14	15
-6076	14	15
-6057	14	15
-6040	14	15
-6023	14	15
-6004	15	15
-5987	14	15
-5969	14	15
-5952	14	14
-5934	14	13
-5916	14	11
-5899	14	10
-5881	14	8
-5864	15	7
-5848	15	5
-5831	16	4
-5815	17	2
-5797	18	0
-5781	19	-1
-5764	19	-3
-5746	20	-5
-5728	20	-7
-5710	20	-8
-5693	20	-9
-5676	20	-10
-5656	20	-11
-5638	20	-12
-5619	20	-12
-5600	20	-13
-5581	20	-14
-5563	20	-14
-5544	20	-14
-5525	20	-15
-5507	20	-14
-5488	20	-15
-5469	20	-15
-5450	20	-15
-5432	20	-15
-5413	20	-15
-5394	20	-15
-5375	20	-16
-5357	20	-16
-5338	20	-17
-5319	20	-18
-5301	20	-19
-5282	20	-20
-5263	20	-21
-5244	20	-23
-5226	20	-24
-5208	20	-25
-5188	20	-26
-5170	20	-26
-5151	20	-26
-5132	20	-26
-5113	20	-26
-5095	20	-25
-5076	20	-24
-5057	20	-23
-5039	20	-23
-5020	20	-22
-5001	20	-22
-4982	20	-22
-4964	20	-22
-4945	20	-22
-4926	20	-22
-4908	20	-22
-4889	20	-22
-4870	20	-22
-4851	20	-22
-4833	20	-22
-4814	19	-22
-4795	17	-21
-4776	15	-21
-4758	13	-21
-4739	11	-21
-4720	9	-21
-4703	8	-21
-4685	6	-21
-4667	4	-21
-4649	3	-21
-4632	1	-21
-4615	0	-21
-4596	-1	-21
-4578	-2	-21
-4559	-3	-21
-4540	-4	-21
-4521	-5	-21
-4503	-5	-21
-4485	-6	-21
-4465	-6	-21
-4447	-6	-21
-4428	-6	-21
-4410	-6	-21
-4390	-6	-21
-4372	-6	-21
-4354	-6	-21
-4334	-6	-21
-4316	-6	-21
-4297	-6	-21
-4279	-6	-21
-4259	-6	-21
-4241	-7	-21
-4222	-9	-21
-4203	-10	-21
-4184	-13	-21
-4164	-15	-20
-4145	-17	-19
-4124	-19	-18
-4105	-20	-17
-4085	-22	-16
-4065	-23	-15
-4045	-22	-14
-4026	-22	-14
-4005	-22	-14
-3986	-22	-14
-3966	-22	-14
-3947	-22	-14
-3927	-22	-14
-3907	-23	-15
-3888	-22	-14
-3867	-23	-14
-3848	-23	-15
-3828	-23	-14
-3808	-22	-15
-3788	-23	-14
-3769	-23	-14
-3749	-22	-14
-3729	-23	-14
-3709	-22	-13
-3690	-21	-12
-3669	-20	-10
-3650	-20	-9
-3632	-19	-8
-3613	-18	-6
-3594	-17	-5
-3575	-16	-4
-3557	-16	-2
-3537	-15	-1
-3519	-14	0
-3502	-13	0
-3484	-13	1
-3466	-12	2
-3448	-11	2
-3431	-11	2
-3413	-11	2
-3395	-10	2
-3378	-10	2
-3360	-10	2
-3342	-11	2
-3324	-11	3
-3307	-10	2
-3290	-10	2
-3271	-10	2
-3254	-10	2
-3236	-10	2
-3219	-10	3
-3200	-10	2
-3183	-10	2
-3166	-10	2
-3148	-10	2
-3130	-10	2
-3112	-10	3
-3095	-10	2
-3077	-7	4
-3060	-3	6
-3044	1	8
-3028	4	9
-3013	7	12
-2996	9	13
-2979	12	15
-2962	14	16
-2943	15	16
-2926	15	16
-2909	15	16
-2891	15	15
-2873	15	16
-2855	15	15
-2838	15	15
-2821	15	15
-2802	14	15
-2785	14	15
-2767	14	15
-2750	14	15
-2732	14	15
-2714	14	15
-2697	14	15
-2678	14	15
-2661	14	15
-2643	14	15
-2626	14	13
-2608	14	12
-2590	14	10
-2573	14	9
-2556	14	7
-2539	15	6
-2523	16	4
-2506	17	2
-2490	18	0
-2472	18	-1
-2455	19	-3
-2438	20	-4
-2420	20	-6
-2402	20	-7
-2384	20	-8
-2367	20	-9
-2350	20	-10
-2330	20	-11
-2312	20	-12
-2293	20	-12
-2274	20	-13
-2255	20	-13
-2237	20	-14
-2218	20	-13
-2199	20	-14
-2181	20	-14
-2162	20	-14
-2143	20	-14
-2124	20	-14
-2106	20	-14
-2087	20	-14
-2068	20	-14
-2050	19	-15
-2031	20	-16
-2012	20	-17
-1993	20	-18
-1975	20	-19
-1956	20	-21
-1937	20	-22
-1918	20	-23
-1900	20	-24
-1882	20	-25
-1862	20	-26
-1844	20	-26
-1825	20	-26
-1806	20	-25
-1787	20	-25
-1769	20	-24
-1751	20	-23
-1731	20	-22
-1713	20	-22
-1694	20	-21
-1675	20	-21
-1656	20	-21
-1638	20	-21
-1619	20	-21
-1600	20	-21
-1582	20	-22
-1563	20	-21
-1544	20	-22
-1525	20	-22
-1507	19	-21
-1488	17	-21
-1469	15	-21
-1450	13	-21
-1432	11	-21
-1414	9	-21
-1395	8	-21
-1378	6	-21
-1360	4	-21
-1342	2	-21
-1325	1	-21
-1307	0	-21
-1290	-1	-21
-1270	-2	-21
-1252	-3	-21
-1233	-4	-21
-1215	-4	-21
-1196	-5	-21
-1177	-5	-21
-1159	-5	-21
-1139	-6	-21
-1121	-5	-21
-1102	-6	-21
-1084	-6	-21
-1064	-6	-21
-1046	-6	-21
-1028	-5	-21
-1008	-6	-21
-990	-5	-21
-972	-6	-21
-955	-6	-21
-936	-6	-21
-919	-8	-21
-902	-10	-20
-883	-12	-20
-864	-14	-20
-845	-16	-20
-827	-18	-19
-807	-20	-18
-789	-21	-17
-771	-22	-16
-752	-22	-15
-733	-22	-14
-714	-22	-15
-696	-22	-15
-676	-22	-14
-658	-23	-15
-639	-23	-15
-621	-23	-15
-602	-22	-14
-583	-22	-14
-565	-22	-15
-545	-23	-14
-527	-22	-15
-508	-22	-14
-490	-23	-15
-471	-22	-14
-452	-23	-14
-434	-22	-14
-414	-22	-13
-396	-21	-11
-377	-20	-10
-359	-20	-8
-340	-19	-7
-323	-18	-6
-306	-17	-4
-288	-16	-3
-270	-15	-2
-252	-14	-1
-235	-14	0
-219	-13	1
-201	-13	1
-185	-11	1
-168	-11	2
-152	-11	2
-135	-10	2
-118	-10	2
-102	-10	3
-85	-10	3
-69	-10	3
-54	-10	2
-38	-10	3
-23	-10	3
-7	-10	3
8	-10	3
21	-10	3
35	-10	3
50	-10	2
65	-10	3
79	-10	3
94	-10	3
108	-10	3
124	-10	3
140	-9	3
154	-7	4
168	-4	6
183	-1	7
198	2	9
211	5	11
226	8	12
240	10	14
257	12	14
272	14	15
287	15	15
303	15	15
319	15	15
334	15	15
350	15	15
365	15	15
380	15	15
397	15	15
412	15	15
428	15	15
443	14	15
459	14	15
475	14	15
490	14	15
505	14	15
522	14	15
537	14	14
552	14	14
568	14	13
584	14	12
600	15	10
615	15	8
629	16	5
644	17	4
659	18	1
673	18	-1
689	19	-3
704	19	-5
720	20	-7
736	20	-9
751	20	-10
768	20	-12
785	20	-14
801	20	-15
818	20	-17
834	20	-18
851	20	-20
868	20	-21
884	20	-22
901	20	-23
918	20	-24
934	20	-25
951	20	-25
967	20	-27
985	20	-27
1001	20	-28
1018	20	-29
1036	20	-30
1054	20	-31
1072	20	-32
1089	20	-33
1106	20	-34
1125	20	-34
1142	20	-35
1160	20	-35
1177	20	-35
1196	20	-35
1213	20	-34
1230	20	-34
1248	20	-33
1266	20	-32
1284	20	-31
1301	20	-31
1319	20	-30
1337	20	-29
1354	20	-28
1372	20	-27
1390	20	-27
1408	20	-27
1425	20	-26
1442	20	-26
1461	20	-25
1478	20	-25
1496	20	-26
1513	20	-25
1531	20	-25
1549	20	-25
1566	19	-24
1585	17	-24
1602	15	-24
1619	13	-24
1637	12	-24
1655	10	-24
1673	8	-24
1689	7	-24
1705	5	-24
1723	3	-24
1739	2	-24
1756	1	-24
1772	0	-24
1789	-1	-24
1807	-2	-24
1824	-3	-24
1842	-3	-24
1860	-4	-24
1878	-5	-24
1895	-5	-24
1912	-5	-24
1931	-5	-24
1948	-5	-24
1966	-5	-24
1984	-5	-24
2001	-5	-24
2019	-5	-24
2036	-5	-24
2055	-5	-24
2072	-5	-24
2089	-5	-24
2107	-6	-24
2125	-8	-23
2143	-9	-22
2160	-11	-23
2179	-14	-23
2198	-15	-22
2216	-17	-21
2235	-19	-21
2254	-20	-19
2273	-22	-18
2291	-22	-17
2310	-22	-17
2329	-22	-17
2348	-22	-16
2366	-22	-17
2385	-22	-16
2404	-22	-17
2422	-22	-17
2441	-22	-16
2460	-22	-17
2479	-22	-16
2497	-22	-17
2516	-22	-17
2535	-22	-17
2553	-22	-17
2572	-22	-17
2591	-22	-16
2610	-22	-16
2628	-22	-15
